round_shots,523,176,85,73,65,53,44,38,6
round_queries,523,1232,2125,5475,15145,38001,95700,249546,366642
round_k,3,12,37,116,358,1087,3283,10004,30553
round_shots,715,101,125,69,68,56,44,37,6
round_queries,715,707,2875,5037,14892,39480,96844,245495,366966
round_k,3,11,36,109,352,1100,3317,9999,30580
round_shots,944,121,126,76,62,54,45,37,5
round_queries,944,847,3150,6156,15686,41958,107955,273541,344345
round_k,3,12,40,126,388,1199,3696,11288,34434
round_shots,659,94,186,81,88,82,69,45,34,2
round_queries,659,282,1674,2673,9064,25666,65619,131085,297942,163870
round_k,1,4,16,51,156,475,1456,4381,13148,40967
round_shots,826,176,124,95,80,82,51,55,6
round_queries,826,1232,3100,7695,19920,61582,115923,383185,382842
round_k,3,12,40,124,375,1136,3483,10455,31903
round_shots,762,138,116,71,65,41,45,36,6
round_queries,762,966,2900,5751,15795,31201,102735,250380,378150
round_k,3,12,40,121,380,1141,3477,10459,31512
round_shots,568,167,79,71,63,53,46,38,7
round_queries,568,1169,1975,5325,14427,36941,97566,246582,423031
round_k,3,12,37,114,348,1060,3244,9938,30216
round_shots,1030,146,135,97,62,52,43,36,4
round_queries,1030,1022,3375,7275,16678,43420,109263,276012,286084
round_k,3,12,37,134,417,1270,3833,11653,35760
round_shots,800,116,122,74,66,53,45,37,3
round_queries,800,812,3050,5994,16698,42453,110115,277907,208071
round_k,3,12,40,126,400,1223,3755,11416,34678
round_shots,886,146,114,70,61,54,46,38,7
round_queries,886,1022,2850,5250,13847,37098,97198,242250,413637
round_k,3,12,37,113,343,1056,3187,9735,29545
round_shots,796,62,151,84,67,58,56,44,36,4
round_queries,796,186,1359,2604,6499,16878,48888,115500,289188,293300
round_k,1,4,15,48,145,436,1312,4016,12202,36662
round_shots,782,181,118,85,61,55,43,36,3
round_queries,782,1267,2950,6885,16409,44825,108575,275436,209757
round_k,3,12,40,134,407,1262,3825,11624,34959
round_shots,532,178,97,72,64,52,45,37,5
round_queries,532,1246,2425,5832,15808,40196,104805,260813,323115
round_k,3,12,40,123,386,1164,3524,10724,32311
round_shots,544,115,143,112,73,58,51,44,35,2
round_queries,544,345,1287,3696,7227,17922,47583,124916,302505,159302
round_k,1,4,16,49,154,466,1419,4321,13105,39825
round_shots,904,132,88,68,59,53,43,35,2
round_queries,904,1188,2904,6732,17877,49237,121991,299705,156354
round_k,4,16,49,151,464,1418,4281,12911,39088
round_shots,946,129,72,75,59,51,43,35,2
round_queries,946,1161,2376,7425,18821,49623,127151,311395,164298
round_k,4,16,49,159,486,1478,4448,13519,41074
round_shots,967,118,88,77,68,52,45,33,7
round_queries,967,826,2024,5313,14348,35308,92565,205557,397173
round_k,3,11,34,105,339,1028,3114,9456,28369
round_shots,834,71,134,89,81,64,51,42,34,3
round_queries,834,213,1206,2937,8505,20160,51153,129654,315758,252207
round_k,1,4,16,52,157,501,1543,4643,14007,42034
round_shots,702,79,153,76,69,59,53,43,36,2
round_queries,702,237,1377,2508,6969,17877,48919,123969,315252,162574
round_k,1,4,16,50,151,461,1441,4378,13359,40643
round_shots,547,139,135,86,65,53,44,36,5
round_queries,547,973,3105,6450,16575,42241,105908,264996,336785
round_k,3,11,37,127,398,1203,3680,11140,33678
round_shots,967,121,106,77,58,49,42,34,1
round_queries,967,1089,3498,9163,21054,53949,139734,343434,92729
round_k,4,16,59,181,550,1663,5050,15196,46364
round_shots,909,152,88,97,72,53,44,37,6
round_queries,909,1064,2200,7275,16344,39591,98868,250379,368010
round_k,3,12,37,113,373,1123,3383,10184,30667
round_shots,622,102,175,110,69,59,52,45,36,6
round_queries,622,306,1575,2970,5727,14691,39364,103815,254196,382410
round_k,1,4,13,41,124,378,1153,3530,10621,31867
round_shots,814,173,94,49,65,53,44,36,5
round_queries,814,1211,2350,4165,16575,42877,108900,267732,337465
round_k,3,12,42,127,404,1237,3718,11192,33746
round_shots,459,62,123,96,66,61,51,43,34,2
round_queries,459,186,1107,3168,7194,20313,52377,132913,321266,171598
round_k,1,4,16,54,166,513,1545,4724,14264,42899
round_shots,568,155,105,69,68,57,45,37,7
round_queries,568,1085,2415,4899,14484,39159,96165,239945,409731
round_k,3,11,35,106,343,1068,3242,9755,29266
round_shots,574,108,96,72,67,54,44,37,5
round_queries,574,756,2208,5256,14941,37854,94556,239279,296005
round_k,3,11,36,111,350,1074,3233,9703,29600
round_shots,924,124,112,69,61,50,41,35,2
round_queries,924,1116,3696,7245,19703,50550,125911,323785,169074
round_k,4,16,52,161,505,1535,4625,14054,42268
round_shots,544,150,85,109,63,52,46,33,8
round_queries,544,1050,1955,7739,13545,33852,89838,197571,440968
round_k,3,11,35,107,325,976,2993,9107,27560
round_shots,759,94,133,134,90,64,50,41,34,1
round_queries,759,282,1197,4154,8910,21952,55550,139277,347854,94095
round_k,1,4,15,49,171,555,1698,5115,15471,47047
round_shots,847,79,122,77,75,80,50,51,35,3
round_queries,847,237,1098,2387,7125,22960,44050,135609,308175,243393
round_k,1,4,15,47,143,440,1329,4402,13269,40565
round_shots,733,132,88,81,63,55,44,37,8
round_queries,733,924,2024,5913,13923,37015,91036,230621,451752
round_k,3,11,36,110,336,1034,3116,9368,28234
round_shots,1056,136,113,68,60,50,43,35,2
round_queries,1056,952,3051,6868,18660,46950,122077,299425,157230
round_k,3,13,50,155,469,1419,4277,12933,39307
round_shots,343,71,170,84,89,61,50,43,34,2
round_queries,343,213,1530,2604,8633,20801,52950,136697,330514,176962
round_k,1,4,15,48,170,529,1589,4860,14617,44240
round_shots,1041,166,99,69,63,51,44,37,6
round_queries,1041,1162,2475,5589,15309,37179,96668,246679,361626
round_k,3,12,40,121,364,1098,3333,10041,30135
round_shots,1055,126,80,75,58,52,44,36,3
round_queries,1055,1134,2640,7425,17226,46748,121220,301068,232905
round_k,4,16,49,148,449,1377,4181,12819,38817
round_shots,889,132,77,71,65,53,44,37,7
round_queries,889,924,1925,5325,14755,37789,94732,240907,420511
round_k,3,12,37,113,356,1076,3255,9830,30036
round_shots,701,152,120,87,60,52,45,37,7
round_queries,701,1064,3000,6525,13860,36452,94725,236615,408989
round_k,3,12,37,115,350,1052,3197,9606,29213
round_shots,946,172,89,74,57,51,44,35,3
round_queries,946,1548,2937,7326,16929,45543,118492,288435,224247
round_k,4,16,49,148,446,1346,4120,12367,37374
round_shots,562,116,94,77,68,54,44,36,3
round_queries,562,812,2350,6237,17748,45522,115236,285660,216621
round_k,3,12,40,130,421,1309,3967,12013,36103
round_shots,840,152,96,79,69,55,45,37,6
round_queries,840,1064,2208,5767,15939,40755,102555,254153,378666
round_k,3,11,36,115,370,1139,3434,10459,31555
round_shots,665,129,86,96,68,52,44,38,7
round_queries,665,903,1978,7008,14892,36660,93060,242098,418817
round_k,3,11,36,109,352,1057,3185,9788,29915
round_shots,879,134,101,78,57,49,41,34,1
round_queries,879,1206,3333,9126,22059,56987,144279,361862,97377
round_k,4,16,58,193,581,1759,5321,16171,48688
round_shots,706,178,96,86,85,62,43,36,3
round_queries,706,1246,2400,6966,21165,46810,107801,272700,208041
round_k,3,12,40,124,377,1253,3787,11439,34673
round_shots,1067,119,90,72,61,51,44,36,7
round_queries,1067,833,2250,5832,14945,37689,98076,241668,425369
round_k,3,12,40,122,369,1114,3356,10086,30383
round_shots,1101,105,95,82,62,51,41,31,2
round_queries,1101,945,2945,8118,20274,50133,122221,278039,164310
round_k,4,15,49,163,491,1490,4484,13498,41077
round_shots,1081,116,91,93,68,50,44,36,5
round_queries,1081,812,2275,6975,18020,42850,113124,279684,354195
round_k,3,12,37,132,428,1285,3884,11792,35419
round_shots,846,144,122,75,63,53,44,38,7
round_queries,846,1008,3050,5625,14553,36729,91740,237842,405139
round_k,3,12,37,115,346,1042,3129,9512,28938
round_shots,957,134,93,73,58,50,43,35,3
round_queries,957,1206,3069,7665,19314,50050,129559,319025,249345
round_k,4,16,52,166,500,1506,4557,13821,41557
round_shots,523,159,120,68,64,53,44,37,7
round_queries,523,1113,2760,4964,14144,36729,91740,231435,403935
round_k,3,11,36,110,346,1042,3127,9477,28852
round_shots,645,125,102,69,65,51,44,37,7
round_queries,645,875,2550,5175,14885,36975,95964,242979,419391
round_k,3,12,37,114,362,1090,3283,9898,29956
round_shots,993,132,113,88,74,63,46,38,6
round_queries,993,924,2599,6248,15910,40761,90206,227734,331530
round_k,3,11,35,107,323,980,2996,9141,27627
round_shots,542,136,115,69,71,56,45,37,5
round_queries,542,952,2875,5589,17253,44744,108315,271691,340045
round_k,3,12,40,121,399,1203,3671,11222,34004
round_shots,950,139,90,77,64,55,45,36,7
round_queries,950,973,2070,5621,14016,37785,95625,231444,407197
round_k,3,11,36,109,343,1062,3214,9692,29085
round_shots,1125,123,83,67,68,55,43,35,2
round_queries,1125,1107,2739,7035,21420,52305,129903,322385,170926
round_k,4,16,52,157,475,1510,4605,14019,42731
round_shots,875,121,83,75,60,51,42,34,2
round_queries,875,1089,2739,7425,19260,50439,126966,311134,168106
round_k,4,16,49,160,494,1511,4575,13726,42026
round_shots,1026,126,88,86,67,51,41,34,2
round_queries,1026,1134,2904,9030,21105,52071,127961,319702,172642
round_k,4,16,52,157,510,1560,4701,14163,43160
round_shots,523,118,88,76,59,55,46,38,5
round_queries,523,826,2024,5548,13039,36795,93702,235562,284295
round_k,3,11,36,110,334,1018,3099,9388,28429
round_shots,895,163,113,69,65,52,44,37,7
round_queries,895,1141,2599,5175,14625,35828,91740,233507,405699
round_k,3,11,37,112,344,1042,3155,9523,28978
round_shots,577,162,84,69,74,50,44,36,3
round_queries,577,1134,2100,5451,17538,39950,105468,261252,202641
round_k,3,12,39,118,399,1198,3628,10986,33773
round_shots,947,136,128,72,71,52,44,36,5
round_queries,947,952,3200,5832,17253,41444,105908,260604,330305
round_k,3,12,40,121,398,1203,3619,10946,33030
round_shots,531,109,148,72,70,59,51,43,35,3
round_queries,531,327,1332,2376,6930,17877,46767,119067,291935,229701
round_k,1,4,16,49,151,458,1384,4170,12609,38283
round_shots,213,71,126,112,70,65,52,43,34,2
round_queries,213,213,1134,3696,6930,20215,48724,123625,294814,158154
round_k,1,4,16,49,155,468,1437,4335,13006,39538
round_shots,713,71,139,118,75,59,51,43,35,3
round_queries,713,213,1251,3186,7575,19293,50133,127753,313495,246357
round_k,1,4,13,50,163,491,1485,4478,13457,41059
round_shots,630,100,95,74,64,52,45,36,4
round_queries,630,700,2185,5550,14912,37908,99135,241740,243884
round_k,3,11,37,116,364,1101,3357,10072,30485
round_shots,693,71,178,101,75,65,52,44,36,3
round_queries,693,213,1602,3131,7275,18915,45500,117348,292500,222741
round_k,1,4,15,48,145,437,1333,4062,12347,37123
round_shots,930,158,85,84,61,55,44,36,5
round_queries,930,1106,2125,6300,15311,42185,105116,261684,330515
round_k,3,12,37,125,383,1194,3634,10912,33051
round_shots,786,129,129,75,72,59,49,43,35,3
round_queries,786,387,1161,2475,7128,17877,45325,119411,293825,228057
round_k,1,4,16,49,151,462,1388,4197,12613,38009
round_shots,992,121,79,64,69,55,43,35,2
round_queries,992,1089,2607,6592,21321,51205,127839,316925,165706
round_k,4,16,51,154,465,1486,4527,13612,41426
round_shots,857,71,130,105,91,61,51,43,35,3
round_queries,857,213,1170,3465,9555,19337,50337,128269,316505,251169
round_k,1,4,16,52,158,493,1491,4521,13680,41861
round_shots,494,62,134,87,67,66,50,42,34,2
round_queries,494,186,1206,2871,6901,20658,50550,128226,314398,169494
round_k,1,4,16,51,156,505,1526,4623,13889,42373
round_shots,510,51,111,95,86,61,52,44,35,4
round_queries,510,153,999,2945,8342,18239,47892,121572,292355,303852
round_k,1,4,15,48,149,460,1381,4176,12636,37981
round_shots,889,125,126,75,64,53,46,37,4
round_queries,889,875,3150,5625,15168,38955,103454,257705,255060
round_k,3,12,37,118,367,1124,3482,10598,31882
round_shots,701,139,86,97,74,56,43,36,4
round_queries,701,973,2150,7857,18574,47544,115541,292788,299284
round_k,3,12,40,125,424,1343,4066,12390,37410
round_shots,614,87,182,92,71,62,52,43,34,3
round_queries,614,261,1638,3036,7313,20026,51532,128957,309162,248493
round_k,1,4,16,51,161,495,1499,4546,13804,41415
round_shots,1021,126,90,80,58,55,44,36,6
round_queries,1021,882,2250,6480,14210,40425,100804,248076,378234
round_k,3,12,40,122,367,1145,3445,10337,31519
round_shots,1012,121,124,88,61,51,42,34,1
round_queries,1012,1089,4092,8712,20923,54111,137046,338538,92069
round_k,4,16,49,171,530,1631,4978,15041,46034
round_shots,808,110,93,91,60,52,45,37,4
round_queries,808,770,2139,6825,15420,40300,105075,259481,259796
round_k,3,11,37,128,387,1167,3506,10713,32474
round_shots,531,94,128,83,80,71,54,41,34,2
round_queries,531,282,1152,2739,8400,22365,56754,134931,335750,179850
round_k,1,4,16,52,157,525,1645,4937,14867,44962
round_shots,374,71,141,115,78,58,51,43,35,2
round_queries,374,213,1269,3565,7722,18386,48705,123625,305165,160594
round_k,1,4,15,49,158,477,1437,4359,13166,40148
round_shots,915,162,91,81,67,52,45,36,4
round_queries,915,1134,2275,6075,16147,39676,103275,249372,252228
round_k,3,12,37,120,381,1147,3463,10453,31528
round_shots,724,152,115,108,59,58,46,37,4
round_queries,724,1064,2875,8748,15281,45878,109158,270137,267260
round_k,3,12,40,129,395,1186,3650,11069,33407
round_shots,532,116,74,66,61,52,44,37,8
round_queries,532,812,1850,4950,13725,35620,91652,232397,457112
round_k,3,12,37,112,342,1041,3140,9453,28569
round_shots,988,149,77,68,58,59,52,40,2
round_queries,988,1341,2387,6460,16646,51389,140244,359800,180478
round_k,4,15,47,143,435,1348,4497,14634,45119
round_shots,640,116,96,74,73,52,43,36,4
round_queries,640,812,2400,5994,18469,44044,112015,282708,292356
round_k,3,12,40,126,423,1302,3926,11976,36544
round_shots,683,94,121,100,71,60,49,44,36,4
round_queries,683,282,1089,3300,7029,17820,44247,119372,301068,308556
round_k,1,4,16,49,148,451,1356,4181,12763,38569
round_shots,654,122,80,70,92,54,44,38,8
round_queries,654,854,1840,4970,19780,34830,87340,226290,439336
round_k,3,11,35,107,322,992,2977,9101,27458
round_shots,663,102,141,123,84,63,51,43,35,2
round_queries,663,306,1269,3813,8316,21105,54621,138331,339395,177662
round_k,1,4,15,49,167,535,1608,4848,14715,44415
round_shots,618,79,172,101,69,65,51,42,35,3
round_queries,618,237,1548,3333,7245,20735,51663,128982,326585,258831
round_k,1,4,16,52,159,506,1535,4665,14087,43138
round_shots,846,162,94,82,65,50,44,36,4
round_queries,846,1134,2350,6642,17875,43150,114268,283788,293812
round_k,3,12,40,137,431,1298,3941,11967,36726
round_shots,852,71,151,74,77,61,52,43,35,2
round_queries,852,213,1359,2442,7623,18239,47892,120185,297185,156178
round_k,1,4,16,49,149,460,1397,4245,12844,39044
round_shots,537,71,130,78,64,63,50,43,35,3
round_queries,537,213,1170,2574,6336,18711,46450,120357,299075,234465
round_k,1,4,16,49,148,464,1399,4272,12885,39077
round_shots,648,127,116,111,73,56,45,37,5
round_queries,648,889,2900,8991,18907,43848,110565,278203,350085
round_k,3,12,40,129,391,1228,3759,11536,35008
round_shots,651,110,117,83,74,53,45,36,5
round_queries,651,770,2691,6059,16650,39803,103545,254772,323275
round_k,3,11,36,112,375,1150,3538,10684,32327
round_shots,754,71,121,101,73,75,48,43,34,1
round_queries,754,213,1089,3333,7665,24675,54480,146415,352886,95977
round_k,1,4,16,52,164,567,1702,5189,15730,47988
round_shots,759,102,157,85,67,67,50,42,35,2
round_queries,759,306,1413,2805,7035,21105,50950,128478,324065,169710
round_k,1,4,16,52,157,509,1529,4629,13967,42427
round_shots,1007,160,97,88,89,54,44,37,5
round_queries,1007,1120,2231,6248,19135,42498,106876,271543,336165
round_k,3,11,35,107,393,1214,3669,11205,33616
round_shots,840,125,136,92,54,61,45,37,4
round_queries,840,875,3128,6716,12042,41297,99405,250823,250692
round_k,3,11,36,111,338,1104,3389,10286,31336
round_shots,829,165,78,76,62,53,45,36,4
round_queries,829,1155,1950,5852,15190,39273,101115,244260,244948
round_k,3,12,38,122,370,1123,3392,10181,30618
round_shots,724,87,164,103,78,61,51,43,34,3
round_queries,724,261,1476,3399,7722,19703,51051,130763,314330,255489
round_k,1,4,16,49,161,500,1520,4622,13917,42581
round_shots,769,62,137,72,64,61,51,43,36,3
round_queries,769,186,1233,2376,6336,18117,45747,115885,293148,224343
round_k,1,4,16,49,148,448,1347,4071,12360,37390
round_shots,605,102,142,93,71,62,54,44,36,5
round_queries,605,306,1278,2511,6035,16306,43362,108372,266940,337225
round_k,1,4,13,42,131,401,1231,3707,11177,33722
round_shots,808,177,130,96,64,50,43,36,4
round_queries,808,1239,3250,7584,18240,44450,115283,290268,292004
round_k,3,12,39,142,444,1340,4031,12152,36500
round_shots,359,94,166,112,64,61,50,42,35,4
round_queries,359,282,1494,3696,6336,18117,46050,116550,292915,304836
round_k,1,4,16,49,148,460,1387,4184,12591,38104
round_shots,523,138,98,76,60,54,45,37,6
round_queries,523,966,2450,6156,14700,39798,102195,256003,381018
round_k,3,12,40,122,368,1135,3459,10515,31751
round_shots,549,142,104,74,68,52,50,37,7
round_queries,549,994,2392,5402,15164,35204,101950,239649,418607
round_k,3,11,36,111,338,1019,3238,9829,29900
round_shots,539,119,86,66,69,54,44,37,6
round_queries,539,833,2150,5346,16767,39474,98956,252599,371262
round_k,3,12,40,121,365,1124,3413,10272,30938
round_shots,718,134,77,75,63,56,46,38,8
round_queries,718,938,1771,5175,13293,36008,91494,230698,445448
round_k,3,11,34,105,321,994,3035,9225,27840
round_shots,950,108,120,69,81,53,47,38,8
round_queries,950,756,2760,5037,17739,35033,93859,228038,437528
round_k,3,11,36,109,330,998,3000,9080,27345
round_shots,932,144,120,87,90,41,46,36,4
round_queries,932,1008,3000,6873,21690,30217,101706,245988,251116
round_k,3,12,39,120,368,1105,3416,10252,31389
round_shots,1098,146,104,91,69,53,44,32,3
round_queries,1098,1022,2600,6825,18009,45421,113388,249056,211971
round_k,3,12,37,130,428,1288,3891,11727,35328
round_shots,782,144,80,76,65,54,45,38,7
round_queries,782,1008,2000,5700,14885,37098,95625,245366,415443
round_k,3,12,37,114,343,1062,3228,9767,29674
round_shots,1050,182,110,68,60,60,43,34,2
round_queries,1050,1638,3630,7004,18660,58260,138417,334050,179030
round_k,4,16,51,155,485,1609,4912,14805,44757
round_shots,709,79,132,76,71,62,51,42,35,3
round_queries,709,237,1188,2508,7171,19158,49419,122850,307685,242679
round_k,1,4,16,50,154,484,1462,4395,13333,40446
round_shots,698,173,99,73,82,52,45,40,6
round_queries,698,1211,2277,5329,18286,35308,92115,249880,359742
round_k,3,11,36,111,339,1023,3123,9767,29978
round_shots,444,71,105,84,67,58,66,44,35,2
round_queries,444,213,945,2604,6499,17110,59070,137236,336175,175954
round_k,1,4,15,48,147,447,1559,4802,14553,43988
round_shots,1021,119,90,72,61,56,49,38,5
round_queries,1021,833,2250,5832,15189,42280,115101,284278,350945
round_k,3,12,40,124,377,1174,3740,11596,35094
round_shots,639,166,85,93,65,52,42,35,5
round_queries,639,1162,2125,6975,17225,43212,104790,261975,345745
round_k,3,12,37,132,415,1247,3742,11375,34574
round_shots,1048,170,80,71,61,56,46,35,2
round_queries,1048,1530,2480,6887,18117,49896,130870,314125,164410
round_k,4,15,48,148,445,1422,4487,13479,41102
round_shots,714,141,121,89,81,62,51,43,35,2
round_queries,714,423,1089,2937,8505,19902,50847,130935,320495,167390
round_k,1,4,16,52,160,498,1522,4578,13753,41847
round_shots,541,122,128,77,67,52,44,36,6
round_queries,541,854,3200,6237,16281,40092,103532,258300,390210
round_k,3,12,40,121,385,1176,3587,10818,32517
round_shots,841,102,142,103,66,59,49,43,34,2
round_queries,841,306,1278,3399,6930,18703,47089,124055,294746,157566
round_k,1,4,16,52,158,480,1442,4334,13003,39391
round_shots,947,143,116,68,71,55,44,37,4
round_queries,947,1001,2668,4964,15691,39985,98868,251489,253076
round_k,3,11,36,110,363,1123,3398,10355,31634
round_shots,686,129,83,83,83,62,52,43,35,4
round_queries,686,387,747,2241,7055,17794,46436,116487,287315,299092
round_k,1,4,13,42,143,446,1354,4104,12382,37386
round_shots,930,152,104,112,74,57,53,38,6
round_queries,930,1064,2392,8176,16502,38361,112519,267330,390462
round_k,3,11,36,111,336,1061,3517,10814,32538
round_shots,372,71,121,117,79,55,50,42,34,3
round_queries,372,213,1089,3861,8295,17435,48350,123102,301342,241797
round_k,1,4,16,52,158,483,1465,4431,13294,40299
round_shots,674,147,80,66,67,52,45,38,6
round_queries,674,1029,2000,4950,15075,37388,97335,247038,358638
round_k,3,12,37,112,359,1081,3250,9945,29886
round_shots,527,71,155,118,81,63,51,44,36,3
round_queries,527,213,1395,3186,6561,17073,42585,111012,275292,207117
round_k,1,4,13,40,135,417,1261,3823,11503,34519
round_shots,921,136,128,88,68,51,45,36,4
round_queries,921,952,3200,7128,16524,39729,105525,257868,260068
round_k,3,12,40,121,389,1172,3581,10801,32508
round_shots,1044,173,108,65,65,53,45,36,5
round_queries,1044,1211,2700,5525,16575,43089,110925,273276,349505
round_k,3,12,42,127,406,1232,3795,11461,34950
round_shots,971,154,86,72,62,52,44,36,4
round_queries,971,1386,2322,6120,16182,41756,106172,262260,267756
round_k,4,13,42,130,401,1206,3642,11046,33469
round_shots,835,87,136,93,70,61,53,42,34,2
round_queries,835,261,1224,3069,7350,19215,52523,130494,319022,172146
round_k,1,4,16,52,157,495,1553,4691,14113,43036
round_shots,1008,130,72,64,61,51,44,36,3
round_queries,1008,1170,2376,6336,18117,45543,119460,296892,228999
round_k,4,16,49,148,446,1357,4123,12653,38166
round_shots,640,109,96,88,60,52,45,38,5
round_queries,640,763,2208,6424,13140,34268,89685,230850,280345
round_k,3,11,36,109,329,996,3037,9180,28034
round_shots,713,71,145,117,95,60,49,42,35,2
round_queries,713,213,1305,3861,9975,18900,48069,124698,313915,166110
round_k,1,4,16,52,157,490,1484,4484,13588,41527
round_shots,1006,155,95,76,65,53,43,35,5
round_queries,1006,1395,2565,6308,16315,41181,101781,250005,329955
round_k,4,13,41,125,388,1183,3571,10777,32995
round_shots,463,51,123,105,78,66,50,44,35,2
round_queries,463,153,1107,3465,8034,20526,47050,126412,309925,163642
round_k,1,4,16,51,155,470,1436,4427,13414,40910
round_shots,852,136,118,90,85,56,46,36,3
round_queries,852,952,2714,6390,18275,43736,113666,278748,213591
round_k,3,11,35,107,390,1235,3871,11689,35598
round_shots,162,94,121,112,64,57,52,43,34,1
round_queries,162,282,1089,3696,7488,20235,55484,140395,339626,91787
round_k,1,4,16,58,177,533,1632,4994,15147,45893
round_shots,707,79,162,116,104,70,63,47,35,2
round_queries,707,237,1458,3596,10088,20650,56889,143303,338835,178394
round_k,1,4,15,48,147,451,1524,4840,14837,44598
round_shots,1004,128,77,85,67,53,44,37,5
round_queries,1004,896,1925,6375,15075,37365,94028,239649,298135
round_k,3,12,37,112,352,1068,3238,9809,29813
round_shots,543,156,132,85,70,53,45,36,6
round_queries,543,1092,3036,6375,16030,38955,100395,243036,365478
round_k,3,11,37,114,367,1115,3375,10126,30456
round_shots,642,87,121,74,90,61,53,44,36,2
round_queries,642,261,1089,2442,8910,18483,48283,122628,302364,154118
round_k,1,4,16,49,151,455,1393,4199,12778,38529
round_shots,1067,176,112,75,62,50,42,34,3
round_queries,1067,1584,3696,7425,19406,48350,122010,296310,238599
round_k,4,16,49,156,483,1452,4357,13072,39766
round_shots,612,159,89,90,59,53,45,38,6
round_queries,612,1113,2047,6390,14337,38955,99945,255778,371142
round_k,3,11,35,121,367,1110,3365,10243,30928
round_shots,771,152,116,78,96,81,65,46,4
round_queries,771,1064,2900,6318,23904,62127,157495,337502,286756
round_k,3,12,40,124,383,1211,3668,11256,35844
round_shots,964,111,77,74,63,53,43,35,4
round_queries,964,999,2387,7030,18333,48177,120615,297465,308612
round_k,4,15,47,145,454,1402,4249,12839,38576
round_shots,639,146,106,106,66,56,46,36,3
round_queries,639,1022,2650,8586,16434,44072,109526,268092,203967
round_k,3,12,40,124,393,1190,3723,11177,33994
round_shots,592,165,82,66,63,54,45,38,7
round_queries,592,1155,2050,4950,14175,37206,94185,240502,411243
round_k,3,12,37,112,344,1046,3164,9656,29374
round_shots,709,79,111,102,85,60,50,42,35,2
round_queries,709,237,999,3162,8245,19740,50250,128478,321615,167818
round_k,1,4,15,48,164,502,1529,4594,13931,41954
round_shots,669,79,126,89,98,60,50,44,34,2
round_queries,669,237,1134,2937,10290,19380,48550,129492,304402,163938
round_k,1,4,16,52,161,485,1471,4476,13431,40984
round_shots,645,157,86,66,84,61,46,36,5
round_queries,645,1099,2150,5346,20412,44591,110998,261468,330285
round_k,3,12,40,121,365,1206,3631,10895,33028
round_shots,556,163,94,77,66,60,45,37,7
round_queries,556,1141,2162,5467,14322,39060,95265,236097,408625
round_k,3,11,35,108,325,1058,3190,9617,29187
round_shots,773,158,83,79,65,59,45,38,8
round_queries,773,1106,1909,5767,14625,39943,91575,235182,456024
round_k,3,11,36,112,338,1017,3094,9415,28501
round_shots,747,146,135,70,63,55,44,37,6
round_queries,747,1022,3375,5530,15183,40975,101948,257187,379650
round_k,3,12,39,120,372,1158,3475,10501,31637
round_shots,852,176,117,95,66,56,44,36,6
round_queries,852,1232,2925,7125,15246,41048,99220,244044,366666
round_k,3,12,37,115,366,1127,3389,10168,30555
round_shots,679,134,113,77,66,54,44,36,5
round_queries,679,938,2825,6237,17226,42282,105996,262692,334305
round_k,3,12,40,130,391,1204,3648,11001,33430
round_shots,686,121,86,80,60,55,44,24,4
round_queries,686,847,2150,6480,15060,41415,102828,170712,257244
round_k,3,12,40,125,376,1168,3556,10669,32155
round_shots,921,173,86,87,58,51,42,36,4
round_queries,921,1557,2322,7395,16530,43605,108822,279828,285500
round_k,4,13,42,142,427,1295,3886,11725,35687
round_shots,753,116,98,80,63,52,43,36,3
round_queries,753,812,2450,6480,16569,42588,107199,269532,203535
round_k,3,12,40,131,409,1246,3743,11304,33922
round_shots,817,87,126,94,90,63,51,42,34,1
round_queries,817,261,1134,3102,8910,21735,55437,137214,337382,90477
round_k,1,4,16,49,172,543,1633,4961,14887,45238
round_shots,765,122,142,74,67,64,50,43,35,2
round_queries,765,366,1278,2442,6633,19008,47050,121389,299635,156654
round_k,1,4,16,49,148,470,1411,4280,12890,39163
round_shots,824,51,158,123,91,64,51,42,35,3
round_queries,824,153,1422,4059,9555,20160,51153,128142,320355,251511
round_k,1,4,16,52,157,501,1525,4576,13933,41918
round_shots,529,122,130,89,59,52,45,36,6
round_queries,529,854,2990,6497,14455,38532,101475,246708,371802
round_k,3,11,36,122,370,1127,3426,10315,30983
round_shots,632,79,111,88,95,59,50,43,36,4
round_queries,632,237,999,2728,9215,17287,44450,115369,293076,297268
round_k,1,4,15,48,146,444,1341,4070,12305,37158
round_shots,826,122,88,88,61,52,44,38,7
round_queries,826,854,2200,6600,13725,35620,91652,239362,408919
round_k,3,12,37,112,342,1041,3149,9675,29208
round_shots,797,168,101,81,78,51,54,39,5
round_queries,797,1176,2525,6399,19266,38811,123930,297687,350185
round_k,3,12,39,123,380,1147,3816,11465,35018
round_shots,814,71,121,118,98,77,51,50,34,2
round_queries,814,213,1089,3894,10290,24717,49419,149050,332418,177946
round_k,1,4,16,52,160,484,1490,4888,14789,44486
round_shots,963,121,75,90,63,52,42,35,2
round_queries,963,1089,2475,8910,19089,48932,122346,308245,160978
round_k,4,16,49,151,470,1456,4403,13259,40244
round_shots,974,119,89,86,71,60,43,35,3
round_queries,974,1071,2759,8170,20377,52620,124227,307125,242463
round_k,4,15,47,143,438,1444,4387,13309,40410
round_shots,862,62,155,75,83,58,51,44,35,3
round_queries,862,186,1395,2475,8383,17922,47277,123420,299355,235707
round_k,1,4,16,50,154,463,1402,4276,12901,39284
round_shots,461,109,159,74,77,57,52,43,35,2
round_queries,461,327,1431,2442,7623,18297,50180,125689,307545,160634
round_k,1,4,16,49,160,482,1461,4393,13248,40158
round_shots,753,119,113,66,70,51,45,36,4
round_queries,753,833,2825,5346,17010,40749,108945,264924,269076
round_k,3,12,40,121,399,1210,3679,11142,33634
round_shots,782,79,187,72,68,63,51,44,34,2
round_queries,782,237,1683,2376,6732,19089,48195,124916,296310,158538
round_k,1,4,16,49,151,472,1419,4357,13072,39634
round_shots,727,128,85,79,64,54,44,37,4
round_queries,727,896,2125,5925,15680,41418,103004,259851,257140
round_k,3,12,37,122,383,1170,3511,10624,32142
round_shots,1101,162,126,70,63,53,45,37,5
round_queries,1101,1134,3150,5670,15687,41075,106965,269619,332915
round_k,3,12,40,124,387,1188,3643,11065,33291
round_shots,830,51,145,84,78,63,52,41,34,1
round_queries,830,153,1305,2772,8190,21987,57356,140261,350506,94719
round_k,1,4,16,52,174,551,1710,5154,15530,47359
round_shots,1027,134,85,88,62,51,42,24
round_queries,1027,1206,2805,9416,23374,60231,151578,812136
round_k,4,16,53,188,590,1804,5523,16919
round_shots,584,94,130,76,75,60,49,42,36,3
round_queries,584,282,1170,2508,7575,18780,46501,119910,309348,239451
round_k,1,4,16,50,156,474,1427,4296,13172,39908
round_shots,477,94,137,83,85,67,48,43,35,3
round_queries,477,282,1233,2739,8925,21239,49008,131709,323785,252933
round_k,1,4,16,52,158,510,1531,4625,13894,42155
round_shots,618,147,91,76,60,52,45,38,4
round_queries,618,1029,2275,5700,14460,37596,98325,250914,244364
round_k,3,12,37,120,361,1092,3301,10067,30545
round_shots,843,156,93,115,65,57,44,37,5
round_queries,843,1092,2139,8395,14235,38817,94732,238983,296605
round_k,3,11,36,109,340,1076,3229,9765,29660
round_shots,820,71,143,83,67,60,52,43,36,2
round_queries,820,213,1287,2739,6633,17940,47788,119583,304092,154002
round_k,1,4,16,49,149,459,1390,4223,12776,38500
round_shots,827,87,116,85,66,64,51,43,35,4
round_queries,827,261,1044,2465,6138,17984,45441,115885,285915,294820
round_k,1,4,14,46,140,445,1347,4084,12258,36852
round_shots,909,121,93,79,60,54,45,37,6
round_queries,909,847,2325,5925,14580,40770,104175,258149,381702
round_k,3,12,37,121,377,1157,3488,10574,31808
round_shots,529,152,90,82,70,57,45,36,5
round_queries,529,1064,2070,5986,16450,44061,110745,272196,345845
round_k,3,11,36,117,386,1230,3780,11407,34584
round_shots,786,79,151,111,77,60,51,42,35,3
round_queries,786,237,1359,3663,7623,18900,49215,122514,306285,242457
round_k,1,4,16,49,157,482,1458,4375,13326,40409
round_shots,834,130,90,69,62,52,45,37,4
round_queries,834,910,2250,5589,15190,39156,101745,255485,253380
round_k,3,12,40,122,376,1130,3452,10494,31672
round_shots,911,142,93,70,89,60,43,26
round_queries,911,1278,3069,7350,28035,64020,152177,856882
round_k,4,16,52,157,533,1769,5479,16478
round_shots,808,141,136,88,57,52,44,36,3
round_queries,808,987,3400,7128,15675,43108,110924,275652,213117
round_k,3,12,40,137,414,1260,3828,11659,35519
round_shots,925,175,122,68,65,50,42,35,2
round_queries,925,1575,4026,7140,20605,50350,127134,322455,166906
round_k,4,16,52,158,503,1513,4606,13899,41726
round_shots,728,108,92,104,79,57,44,36,6
round_queries,728,756,2116,7384,17301,43149,100804,250236,378474
round_k,3,11,35,109,378,1145,3475,10467,31539
round_shots,668,138,103,87,63,53,45,37,5
round_queries,668,966,2369,6699,16569,43089,109755,275243,339555
round_k,3,11,38,131,406,1219,3719,11318,33955
round_shots,1078,125,128,84,79,57,46,36,6
round_queries,1078,875,3200,6804,19513,42351,104374,248076,374766
round_k,3,12,40,123,371,1134,3445,10373,31230
round_shots,1023,130,101,70,63,51,42,35,2
round_queries,1023,1170,3333,7350,19971,48501,122094,306705,160262
round_k,4,16,52,158,475,1453,4381,13186,40065
round_shots,863,147,101,90,64,52,45,36,4
round_queries,863,1029,2323,6750,16832,41028,108585,263988,266916
round_k,3,11,37,131,394,1206,3666,11034,33364
round_shots,675,109,172,75,72,59,53,43,35,3
round_queries,675,327,1548,2475,7272,18585,50615,125517,310275,241635
round_k,1,4,16,50,157,477,1459,4432,13418,40272
round_shots,871,135,79,81,62,55,47,36,3
round_queries,871,1215,2449,7695,18290,49225,128075,311364,240285
round_k,4,15,47,147,447,1362,4324,13215,40047
round_shots,1070,161,97,79,62,52,45,37,7
round_queries,1070,1127,2425,5925,14322,36556,94995,234839,405951
round_k,3,12,37,115,351,1055,3173,9565,28996
round_shots,574,51,101,119,91,61,50,42,34,2
round_queries,574,153,909,3213,8281,19581,49650,126378,308210,165438
round_k,1,4,13,45,160,496,1504,4532,13617,41359
round_shots,834,114,81,88,77,56,44,36,6
round_queries,834,798,1863,6248,17017,42168,104412,256932,388158
round_k,3,11,35,110,376,1186,3568,10737,32346
round_shots,776,122,169,89,73,62,51,43,36,2
round_queries,776,366,1521,2937,7227,18538,47073,120701,304308,156934
round_k,1,4,16,49,149,461,1403,4226,12914,39233
round_shots,776,51,157,89,78,61,50,43,34,2
round_queries,776,153,1413,2937,7722,19825,50250,130849,312630,168918
round_k,1,4,16,49,162,502,1521,4597,13813,42229
round_shots,753,160,124,77,70,55,45,36,5
round_queries,753,1120,2852,5775,16590,42405,107055,260100,327525
round_k,3,11,37,118,385,1189,3612,10861,32752
round_shots,744,87,174,117,85,58,51,43,35,2
round_queries,744,261,1566,3861,8415,19546,52071,132999,330995,171294
round_k,1,4,16,49,168,510,1546,4728,14265,42823
round_shots,935,127,86,76,63,55,45,36,6
round_queries,935,889,2150,5852,15687,42295,105165,255204,385422
round_k,3,12,38,124,384,1168,3544,10668,32118
round_shots,605,62,176,95,79,60,51,43,35,2
round_queries,605,186,1584,3135,7821,19620,50337,127409,314125,165246
round_k,1,4,16,49,163,493,1481,4487,13543,41311
round_shots,871,125,85,65,60,52,44,35,4
round_queries,871,1125,2805,6435,17940,47268,120868,290185,300668
round_k,4,16,49,149,454,1373,4145,12444,37583
round_shots,907,101,104,74,61,53,46,36,7
round_queries,907,707,2392,5402,13969,37259,97750,235548,416843
round_k,3,11,36,114,351,1062,3271,9814,29774
round_shots,999,119,108,72,64,51,44,35,2
round_queries,999,1071,3348,7128,19008,47991,127204,307965,161742
round_k,4,15,49,148,470,1445,4399,13280,40435
round_shots,811,170,107,66,58,55,44,37,8
round_queries,811,1190,2675,4950,13050,37125,91476,230769,452520
round_k,3,12,37,112,337,1039,3118,9405,28282
round_shots,967,139,88,99,72,57,47,36,7
round_queries,967,973,2024,7227,16200,38475,96115,228996,406035
round_k,3,11,36,112,337,1022,3180,9541,29002
round_shots,1007,160,88,86,67,56,45,36,5
round_queries,1007,1120,2200,6966,16281,43288,109125,269316,341065
round_k,3,12,40,121,386,1212,3740,11326,34106
round_shots,674,131,87,85,66,50,44,36,5
round_queries,674,917,2175,6375,16434,39450,104500,260100,328825
round_k,3,12,37,124,394,1187,3612,10875,32882
round_shots,712,165,90,69,70,56,43,37,4
round_queries,712,1155,2250,5589,17010,40936,98599,255041,254196
round_k,3,12,40,121,365,1146,3446,10513,31774
round_shots,659,160,104,81,73,66,50,41,6
round_queries,659,1120,2392,5751,15695,43362,102950,268919,379098
round_k,3,11,35,107,328,1029,3279,10388,31591
round_shots,1115,149,86,70,60,50,43,36,2
round_queries,1115,1341,2838,6930,18660,47750,124313,316620,163498
round_k,4,16,49,155,477,1445,4397,13469,40874
round_shots,862,79,149,83,69,61,50,44,36,2
round_queries,862,237,1341,2739,7245,19459,49050,129932,325476,165830
round_k,1,4,16,52,159,490,1476,4520,13766,41457
round_shots,571,143,111,79,79,54,45,36,5
round_queries,571,1001,2553,5609,17301,40986,106695,261324,331125
round_k,3,11,35,109,379,1185,3629,10888,33112
round_shots,990,180,111,69,63,52,45,37,8
round_queries,990,1260,2775,5175,14427,35724,93375,230695,455720
round_k,3,12,37,114,343,1037,3117,9414,28482
round_shots,332,109,172,108,71,70,60,45,36,3
round_queries,332,327,1548,3348,6887,21210,54540,124155,307476,235995
round_k,1,4,15,48,151,454,1379,4270,13021,39332
round_shots,808,136,76,84,70,52,45,37,6
round_queries,808,952,1900,6300,17290,38844,101745,254819,374922
round_k,3,12,37,123,373,1130,3443,10401,31243
round_shots,841,62,130,78,73,64,49,42,35,2
round_queries,841,186,1170,2574,7227,19776,47383,122430,307125,161434
round_k,1,4,16,49,154,483,1457,4387,13329,40358
round_shots,608,165,92,115,66,52,44,37,5
round_queries,608,1155,2300,9315,16038,37908,96228,243719,298355
round_k,3,12,40,121,364,1093,3293,9936,29835
round_shots,678,71,130,123,71,59,52,43,35,4
round_queries,678,213,1170,3813,7029,17523,47060,119067,292215,302732
round_k,1,4,15,49,148,452,1384,4174,12554,37841
round_shots,657,173,100,84,67,51,43,36,3
round_queries,657,1211,2500,6804,17219,42381,107887,272628,208431
round_k,3,12,40,128,415,1254,3786,11460,34738
round_shots,741,137,98,78,74,55,44,39,9
round_queries,741,959,2254,5538,15910,35585,85404,227409,475569
round_k,3,11,35,107,323,970,2915,8757,26420
round_shots,840,114,104,68,63,53,37,37,8
round_queries,840,798,2392,4964,13923,35351,74851,224553,437816
round_k,3,11,36,110,333,1011,3034,9113,27363
round_shots,860,116,105,85,70,52,44,36,4
round_queries,860,812,2625,6885,18830,45708,116116,288324,295020
round_k,3,12,40,134,439,1319,4004,12230,36877
round_shots,843,167,96,88,63,54,44,36,6
round_queries,843,1169,2400,6600,16191,42930,105116,258084,390870
round_k,3,12,37,128,397,1194,3584,10793,32572
round_shots,788,127,122,92,65,53,45,36,3
round_queries,788,889,3050,6900,16575,42771,109665,267660,204777
round_k,3,12,37,127,403,1218,3717,11222,34129
round_shots,651,69,83,68,82,56,48,40,15
round_queries,651,345,1245,3196,11562,27384,71760,182120,624645
round_k,2,7,23,70,244,747,2276,6873,20821
round_shots,1001,116,115,85,59,49,44,36,4
round_queries,1001,1044,3565,8245,17405,43953,118492,295524,298692
round_k,4,15,48,147,448,1346,4104,12417,37336
round_shots,657,108,86,91,64,53,46,37,5
round_queries,657,756,1978,6643,14016,36199,95266,234099,291575
round_k,3,11,36,109,341,1035,3163,9564,29157
round_shots,987,100,105,78,64,53,46,38,6
round_queries,987,700,2415,5850,15296,39379,102810,254942,376878
round_k,3,11,37,119,371,1117,3354,10318,31406
round_shots,855,108,96,95,63,51,44,36,3
round_queries,855,756,2208,6935,16443,41667,108724,269676,205041
round_k,3,11,36,130,408,1235,3745,11271,34173
round_shots,543,152,99,96,64,53,44,37,6
round_queries,543,1064,2475,7584,15168,39061,99484,252007,377982
round_k,3,12,39,118,368,1130,3405,10353,31498
round_shots,983,111,86,77,63,50,43,35,2
round_queries,983,999,2666,7469,19593,49350,128097,316785,167474
round_k,4,15,48,155,493,1489,4525,13737,41868
round_shots,1010,108,96,89,62,51,44,36,6
round_queries,1010,756,2208,6497,15314,38811,100716,249372,381246
round_k,3,11,36,123,380,1144,3463,10390,31770
round_shots,833,129,94,80,72,60,53,43,36,6
round_queries,833,387,846,2160,6120,15660,42029,102899,258948,391170
round_k,1,4,13,42,130,396,1196,3596,10801,32597
round_shots,559,167,111,70,61,53,45,37,7
round_queries,559,1169,2775,5250,13969,36623,94095,232693,402437
round_k,3,12,37,114,345,1045,3144,9487,28745
round_shots,929,159,74,64,60,52,42,35,2
round_queries,929,1431,2442,6336,17820,47164,116886,293545,153302
round_k,4,16,49,148,453,1391,4193,12641,38325
round_shots,689,71,134,100,82,61,51,42,35,2
round_queries,689,213,1206,3300,8118,20313,52683,131838,332535,175550
round_k,1,4,16,49,166,516,1569,4750,14552,43887
round_shots,544,105,80,69,71,59,47,38,7
round_queries,544,735,1840,4899,15265,38055,97713,237006,407617
round_k,3,11,35,107,322,1039,3118,9576,29115
round_shots,674,154,133,68,61,53,42,37,4
round_queries,674,1078,3325,5372,14823,38637,94290,254597,253252
round_k,3,12,39,121,364,1122,3440,10464,31656
round_shots,939,130,84,77,61,52,42,35,1
round_queries,939,1170,2772,7931,20801,55276,137550,347515,91707
round_k,4,16,51,170,531,1637,4964,15164,45853
round_shots,769,94,142,86,81,59,50,44,35,4
round_queries,769,282,1278,2838,8019,17523,45250,119988,288505,298556
round_k,1,4,16,49,148,452,1363,4121,12373,37319
round_shots,805,111,112,105,74,66,48,39,7
round_queries,805,777,2576,7665,16502,44418,97968,248547,408303
round_k,3,11,36,111,336,1020,3186,9596,29164
round_shots,512,87,150,105,66,59,50,35,34,1
round_queries,512,261,1350,3465,7854,21299,54850,116585,339762,92379
round_k,1,4,16,59,180,548,1665,4996,15100,46189
round_shots,646,115,111,89,75,60,54,44,37,4
round_queries,646,345,999,2403,6375,16020,43362,107492,272061,269060
round_k,1,4,13,42,133,401,1221,3676,11178,33632
round_shots,808,165,122,74,69,54,46,37,7
round_queries,808,1155,3050,5550,15801,37206,96554,235209,406203
round_k,3,12,37,114,344,1049,3178,9540,29014
round_shots,1033,147,80,71,64,49,42,36,2
round_queries,1033,1323,2640,7171,20160,49539,127722,329652,168790
round_k,4,16,50,157,505,1520,4578,13835,42197
round_shots,689,173,125,89,61,55,44,39,7
round_queries,689,1211,2875,6497,13603,37345,92796,247377,416787
round_k,3,11,36,111,339,1054,3171,9760,29770
round_shots,553,122,78,66,60,54,46,37,5
round_queries,553,854,1950,5082,13980,38070,98670,242461,302485
round_k,3,12,38,116,352,1072,3276,9966,30248
round_shots,590,51,160,92,91,62,50,41,34,1
round_queries,590,153,1440,3036,9009,21762,55150,136735,340442,90555
round_k,1,4,16,49,175,551,1667,5006,15057,45277
round_shots,529,138,90,72,62,53,45,36,7
round_queries,529,966,2250,5544,14322,37365,95805,231588,412013
round_k,3,12,38,115,352,1064,3216,9657,29429
round_shots,892,135,102,80,68,51,44,37,6
round_queries,892,945,2550,6000,16796,38097,98868,250971,379050
round_k,3,12,37,123,373,1123,3391,10364,31587
round_shots,596,127,96,68,58,55,46,37,8
round_queries,596,889,2400,5100,13050,37125,94714,233433,458472
round_k,3,12,37,112,337,1029,3154,9501,28654
round_shots,978,142,83,68,62,51,43,35,2
round_queries,978,1278,2739,7140,19654,50235,130247,324345,168354
round_k,4,16,52,158,492,1514,4633,13917,42088
round_shots,1055,151,82,69,69,40,43,35,3
round_queries,1055,1359,2542,6693,20217,38600,124485,308105,244305
round_k,4,15,48,146,482,1447,4401,13394,40717
round_shots,745,62,173,75,80,60,52,43,35,3
round_queries,745,186,1557,2475,7920,19260,51012,128957,320705,249855
round_k,1,4,16,49,160,490,1499,4581,13836,41642
round_shots,915,136,116,83,65,31,44,36,3
round_queries,915,952,2900,6723,17745,26939,114708,284652,220251
round_k,3,12,40,136,434,1303,3953,12044,36708
round_shots,924,122,84,71,72,54,46,37,9
round_queries,924,854,1932,5041,15336,34614,89102,217301,478557
round_k,3,11,35,106,320,968,2936,8834,26586
round_shots,1096,145,78,79,61,53,47,37,5
round_queries,1096,1015,1950,6083,14213,37683,100627,237651,293375
round_k,3,12,38,116,355,1070,3211,9778,29337
round_shots,721,79,166,81,88,67,50,42,35,3
round_queries,721,237,1494,2673,9064,20703,49850,127554,319235,252393
round_k,1,4,16,51,154,498,1518,4560,13831,42065
round_shots,832,125,120,66,63,55,47,37,7
round_queries,832,875,2760,4686,13419,35365,93577,228549,392833
round_k,3,11,35,106,321,995,3088,9277,28059
round_shots,562,145,130,87,70,56,44,36,5
round_queries,562,1015,2990,6351,17010,44520,110132,273060,343975
round_k,3,11,36,121,397,1251,3792,11408,34397
round_shots,654,154,76,74,60,52,44,37,5
round_queries,654,1078,1900,5550,14340,37284,94644,239131,296055
round_k,3,12,37,119,358,1075,3231,9774,29605
round_shots,861,94,168,86,71,60,52,39,35,2
round_queries,861,282,1512,2838,7739,20700,54340,123825,333655,174086
round_k,1,4,16,54,172,522,1587,4766,14479,43521
round_shots,756,116,116,88,58,52,44,36,3
round_queries,756,812,2900,7128,16066,43212,112332,276156,213099
round_k,3,12,40,138,415,1276,3835,11645,35516
round_shots,912,133,99,93,63,52,45,38,7
round_queries,912,931,2475,6975,14427,36764,96885,246050,420385
round_k,3,12,37,114,353,1076,3237,9848,30027
round_shots,550,165,126,81,64,55,45,37,6
round_queries,550,1155,3150,6075,14528,38665,97965,245273,367278
round_k,3,12,37,113,351,1088,3314,10018,30606
round_shots,608,146,101,80,66,52,44,37,5
round_queries,608,1022,2525,6000,16302,40612,103180,260443,326965
round_k,3,12,37,123,390,1172,3519,10770,32696
round_shots,609,125,109,77,63,51,44,36,3
round_queries,609,875,2725,6237,16569,41769,108372,268308,203901
round_k,3,12,40,131,409,1231,3726,11222,33983
round_shots,526,156,105,71,63,64,46,36,6
round_queries,526,1092,2415,5041,13545,42816,101246,244620,369414
round_k,3,11,35,107,334,1100,3397,10192,30784
round_shots,718,121,80,84,53,52,44,37,6
round_queries,718,847,2000,6300,12985,38220,97548,246235,367062
round_k,3,12,37,122,367,1108,3327,10039,30588
round_shots,967,152,84,68,68,50,45,36,7
round_queries,967,1064,2100,5100,15436,35950,97335,236484,418131
round_k,3,12,37,113,359,1081,3284,9883,29866
round_shots,803,127,105,89,73,53,44,36,4
round_queries,803,889,2625,6675,18469,40545,101508,251748,253124
round_k,3,12,37,126,382,1153,3496,10531,31640
round_shots,935,176,88,71,68,50,45,37,6
round_queries,935,1232,2200,5325,15844,37350,100845,252895,381090
round_k,3,12,37,116,373,1120,3417,10342,31757
round_shots,724,154,85,82,66,54,44,36,5
round_queries,724,1078,2125,6150,16434,42606,105820,261972,330495
round_k,3,12,37,124,394,1202,3638,10978,33049
round_shots,712,162,105,68,61,54,43,37,6
round_queries,712,1134,2625,5508,14945,40122,98771,255485,373626
round_k,3,12,40,122,371,1148,3452,10361,31135
round_shots,714,71,157,95,95,68,53,36,36,4
round_queries,714,213,1413,2945,9215,19788,46587,98172,294516,299932
round_k,1,4,15,48,145,439,1363,4090,12439,37491
round_shots,1143,151,78,83,66,52,44,37,6
round_queries,1143,1359,2106,6889,16830,39780,101860,257853,388134
round_k,4,13,41,127,382,1157,3484,10660,32344
round_shots,1076,162,119,69,61,50,47,36,4
round_queries,1076,1134,2975,5589,15189,37750,106455,253044,254860
round_k,3,12,40,124,377,1132,3514,10598,31857
round_shots,575,116,144,78,64,53,45,37,5
round_queries,575,812,3600,6318,16960,42135,109395,277241,342965
round_k,3,12,40,132,397,1215,3746,11352,34296
round_shots,562,149,83,70,68,55,45,37,6
round_queries,562,1043,1909,5110,15028,38995,98415,244533,365958
round_k,3,11,36,110,354,1093,3304,10006,30496
round_shots,976,150,138,80,73,53,45,33,4
round_queries,976,1050,3174,5840,15987,38637,99945,222057,249396
round_k,3,11,36,109,364,1110,3364,10239,31174
round_shots,967,165,97,73,61,54,45,37,8
round_queries,967,1155,2425,5475,13725,37098,93285,230547,454536
round_k,3,12,37,112,343,1036,3115,9369,28408
round_shots,652,152,104,92,72,53,44,36,3
round_queries,652,1064,2600,7268,17496,42453,109428,273492,209361
round_k,3,12,39,121,400,1243,3798,11460,34893
round_shots,603,174,109,93,67,55,44,38,6
round_queries,603,1218,2507,6789,14807,38775,95964,249774,367278
round_k,3,11,36,110,352,1090,3286,10005,30606
round_shots,539,126,81,99,66,53,45,36,5
round_queries,539,882,1863,6831,16434,41711,107955,261540,333695
round_k,3,11,34,124,393,1199,3632,10963,33369
round_shots,461,102,184,107,66,57,47,41,34,2
round_queries,461,306,1656,3531,7722,20349,50525,134275,335546,179294
round_k,1,4,16,58,178,537,1637,4934,14833,44823
round_shots,1009,159,100,68,68,54,43,34,2
round_queries,1009,1431,3300,6732,20468,52758,130849,314670,169142
round_k,4,16,49,150,488,1521,4627,13910,42285
round_shots,750,119,82,98,69,52,44,37,6
round_queries,750,833,2050,7350,15801,38116,96756,244977,365262
round_k,3,12,37,114,366,1099,3310,9995,30438
round_shots,944,108,127,85,60,57,46,38,8
round_queries,944,756,2921,6205,13140,37563,90942,227658,445624
round_k,3,11,36,109,329,988,2995,9090,27851
round_shots,927,162,109,79,66,54,43,36,3
round_queries,927,1134,2725,6399,17226,44658,109865,276084,210477
round_k,3,12,40,130,413,1277,3834,11542,35079
round_shots,590,87,137,95,79,67,50,44,36,3
round_queries,590,261,1233,2565,6557,18157,42950,113388,278316,212433
round_k,1,4,13,41,135,429,1288,3865,11632,35405
round_shots,992,126,102,69,59,50,42,35,2
round_queries,992,1134,3366,7383,19175,49250,124950,315385,165686
round_k,4,16,53,162,492,1487,4505,13576,41421
round_shots,550,124,86,89,61,52,45,37,6
round_queries,550,868,2150,7209,14823,38428,100755,250823,368718
round_k,3,12,40,121,369,1119,3389,10220,30726
round_shots,998,114,90,74,68,53,46,38,6
round_queries,998,798,2070,5550,15300,38213,101154,252130,367098
round_k,3,11,37,112,360,1099,3317,10165,30591
round_shots,677,122,83,101,66,68,48,40,7
round_queries,677,854,1909,7171,14322,44540,95472,247960,413343
round_k,3,11,35,108,327,994,3099,9729,29524
round_shots,577,119,86,86,87,69,52,40,6
round_queries,577,833,2150,6966,21489,51819,117364,279080,379806
round_k,3,12,40,123,375,1128,3488,10540,31650
round_shots,671,62,170,121,113,64,55,42,36,3
round_queries,671,186,1530,3751,10961,19008,49775,119574,308196,238311
round_k,1,4,15,48,148,452,1423,4280,13114,39718
round_shots,912,152,121,71,64,55,46,37,7
round_queries,912,1064,2783,5325,14784,38445,99038,241647,414925
round_k,3,11,37,115,349,1076,3265,9861,29637
round_shots,559,160,138,70,73,53,44,36,5
round_queries,559,1120,3450,5670,17885,43195,111100,273780,348115
round_k,3,12,40,122,407,1262,3802,11447,34811
round_shots,845,94,123,92,75,56,51,43,35,2
round_queries,845,282,1107,3036,7425,17864,48807,126463,310975,162190
round_k,1,4,16,49,159,478,1470,4442,13407,40547
round_shots,950,163,118,66,70,52,45,37,6
round_queries,950,1141,2714,4818,15330,37076,97965,243497,362334
round_k,3,11,36,109,356,1088,3290,9964,30194
round_shots,606,163,89,71,64,54,44,32,6
round_queries,606,1141,2225,5751,15808,40338,100980,223136,381174
round_k,3,12,40,123,373,1147,3486,10500,31764
round_shots,866,141,122,104,67,51,43,36,5
round_queries,866,987,3050,8424,16683,40749,103759,260748,331875
round_k,3,12,40,124,399,1206,3621,10937,33187
round_shots,1098,155,86,81,61,52,47,38,6
round_queries,1098,1085,1978,5913,14457,36972,100251,250534,370866
round_k,3,11,36,118,355,1066,3296,10130,30905
round_shots,958,171,94,68,61,55,45,37,7
round_queries,958,1197,2162,5100,13847,37675,94185,236615,413721
round_k,3,11,37,113,342,1046,3197,9698,29551
round_shots,851,109,162,105,70,58,50,43,35,2
round_queries,851,327,1458,3465,7350,18386,48350,126205,311185,163494
round_k,1,4,16,52,158,483,1467,4445,13458,40873
round_shots,981,126,80,78,60,52,44,36,4
round_queries,981,1134,2640,7722,17820,46852,120604,296892,300564
round_k,4,16,49,148,450,1370,4123,12463,37570
round_shots,1004,116,88,71,68,57,46,37,6
round_queries,1004,812,2024,5183,15300,41211,105478,263255,391638
round_k,3,11,36,112,361,1146,3557,10824,32636
round_shots,805,136,87,82,67,52,45,36,4
round_queries,805,952,2175,6150,16147,39988,104625,253332,255412
round_k,3,12,37,120,384,1162,3518,10579,31926
round_shots,733,137,120,99,61,53,44,36,4
round_queries,733,959,2760,7227,15921,41605,105644,260532,266692
round_k,3,11,36,130,392,1200,3618,10915,33336
round_shots,1100,128,92,73,60,51,43,35,2
round_queries,1100,1152,3036,7227,18300,47991,122765,304045,157766
round_k,4,16,49,152,470,1427,4343,13032,39441
round_shots,680,126,83,81,65,54,44,37,7
round_queries,680,882,1909,5913,14365,36882,92884,236689,406049
round_k,3,11,36,110,341,1055,3198,9658,29003
round_shots,942,125,82,100,61,51,43,36,4
round_queries,942,1125,2214,8300,18361,46359,118121,298692,304076
round_k,4,13,41,150,454,1373,4148,12627,38009
round_shots,854,51,138,117,80,57,51,42,35,2
round_queries,854,153,1242,3627,7760,18525,49827,125286,313915,164342
round_k,1,4,15,48,162,488,1491,4484,13535,41085
round_shots,886,159,77,96,63,54,45,37,5
round_queries,886,1113,1925,7200,14427,38178,97335,243423,302885
round_k,3,12,37,114,353,1081,3289,9931,30288
round_shots,889,146,88,74,67,54,45,37,7
round_queries,889,1022,2200,5550,15343,37314,94815,234543,403697
round_k,3,12,37,114,345,1053,3169,9522,28835
round_shots,771,133,109,78,65,51,44,36,4
round_queries,771,931,2725,6630,16835,42075,109516,273492,281084
round_k,3,12,42,129,412,1244,3798,11530,35135
round_shots,609,126,132,80,67,53,44,37,7
round_queries,609,882,3036,6000,15343,38319,95700,242757,422191
round_k,3,11,37,114,361,1087,3280,9922,30156
round_shots,878,120,126,87,60,55,44,37,5
round_queries,878,840,3150,6525,15180,41745,103180,262071,325945
round_k,3,12,37,126,379,1172,3541,10757,32594
round_shots,574,116,86,85,69,52,43,36,3
round_queries,574,812,2150,6885,18561,45500,112961,284004,219183
round_k,3,12,40,134,437,1313,3944,12032,36530
round_shots,953,93,108,91,59,52,43,36,3
round_queries,953,837,2916,7553,17287,46020,114165,287964,221907
round_k,4,13,41,146,442,1327,3999,12173,36984
round_shots,600,159,96,81,69,54,42,38,7
round_queries,600,1113,2208,5913,15525,36450,87318,239742,404411
round_k,3,11,36,112,337,1039,3154,9550,28886
round_shots,788,121,88,70,72,56,51,38,4
round_queries,788,847,2200,5670,17784,41720,118983,290510,290276
round_k,3,12,40,123,372,1166,3822,11945,36284
round_shots,713,79,121,92,76,63,49,42,34,3
round_queries,713,237,1089,3036,8284,20853,50519,130326,318614,258909
round_k,1,4,16,54,165,515,1551,4685,14056,43151
round_shots,595,165,86,70,71,52,45,37,4
round_queries,595,1155,2150,5670,17395,38428,100305,250749,248724
round_k,3,12,40,122,369,1114,3388,10231,31090
round_shots,820,146,101,95,64,54,45,37,7
round_queries,820,1022,2525,7125,14784,38610,98145,245421,423521
round_k,3,12,37,115,357,1090,3316,10042,30251
round_shots,756,101,83,90,60,50,45,36,4
round_queries,756,707,1909,6570,15180,38050,104535,252972,255532
round_k,3,11,36,126,380,1161,3513,10572,31941
round_shots,791,100,124,81,79,52,48,37,8
round_queries,791,700,2852,5751,16985,33956,94032,226477,445176
round_k,3,11,35,107,326,979,3060,9246,27823
round_shots,1053,133,88,69,63,47,45,37,6
round_queries,1053,931,2200,5589,15309,35861,103365,257927,381258
round_k,3,12,40,121,381,1148,3485,10520,31771
round_shots,823,102,175,87,89,76,52,42,35,3
round_queries,823,306,1575,2697,8633,22116,52052,126462,319445,251733
round_k,1,4,15,48,145,500,1505,4563,13741,41955
round_shots,981,136,124,106,84,61,45,37,4
round_queries,981,952,3100,8586,20412,44591,99945,249861,248652
round_k,3,12,40,121,365,1110,3376,10213,31081
round_shots,517,79,164,119,71,68,51,43,35,3
round_queries,517,237,1476,3689,6745,19380,47073,119239,292635,228039
round_k,1,4,15,47,142,461,1386,4180,12584,38006
round_shots,204,87,136,88,74,58,49,43,35,3
round_queries,204,261,1224,2904,8066,18966,48559,128441,321055,256647
round_k,1,4,16,54,163,495,1493,4586,13981,42774
round_shots,1114,143,87,72,75,50,45,37,3
round_queries,1114,1287,2697,6840,21675,43350,118035,298627,223683
round_k,4,15,47,144,433,1311,4035,12364,37280
round_shots,568,146,113,82,60,54,45,37,5
round_queries,568,1022,2825,6642,14820,40554,102285,256447,323865
round_k,3,12,40,123,375,1136,3465,10570,32386
round_shots,990,130,119,68,74,51,44,36,5
round_queries,990,910,2975,5372,17538,40545,105292,259812,330205
round_k,3,12,39,118,397,1196,3608,10866,33020
round_shots,873,138,75,73,63,52,43,35,3
round_queries,873,1242,2475,7227,18837,48204,121389,297605,234171
round_k,4,16,49,149,463,1411,4251,12868,39028
round_shots,1055,121,110,64,57,50,41,34,2
round_queries,1055,1089,3630,7488,20121,53250,133619,332486,177142
round_k,4,16,58,176,532,1629,4889,14721,44285
round_shots,531,139,134,69,64,50,45,37,4
round_queries,531,973,3350,5589,15680,37850,102195,256817,254044
round_k,3,12,40,122,378,1135,3470,10536,31755
round_shots,803,71,132,88,75,63,50,42,36,3
round_queries,803,213,1188,2904,7575,19467,47850,120582,311580,237591
round_k,1,4,16,50,154,478,1435,4327,13134,39598
round_shots,635,109,132,95,95,63,51,43,34,2
round_queries,635,327,1188,3135,9975,19845,51255,132827,320450,171562
round_k,1,4,16,52,157,502,1544,4712,14155,42890
round_shots,1087,126,72,89,66,51,43,36,4
round_queries,1087,1134,2376,8811,19866,46053,116917,294012,296540
round_k,4,16,49,150,451,1359,4083,12349,37067
round_shots,1038,154,102,71,65,51,45,36,5
round_queries,1038,1078,2550,5751,16185,40239,106695,261756,329475
round_k,3,12,40,124,394,1185,3635,10906,32947
round_shots,938,100,119,100,69,53,45,37,8
round_queries,938,700,2737,7100,15111,35139,91395,226033,442648
round_k,3,11,35,109,331,1015,3054,9177,27665
round_shots,697,115,143,92,82,63,53,42,34,3
round_queries,697,345,1287,3036,8118,19089,50827,124530,303314,244167
round_k,1,4,16,49,151,479,1482,4460,13391,40694
round_shots,958,127,105,93,67,52,43,35,3
round_queries,958,889,2625,7533,19095,47372,117605,287455,223233
round_k,3,12,40,142,455,1367,4106,12354,37205
round_shots,604,79,134,74,69,61,51,44,35,2
round_queries,604,237,1206,2442,6831,18361,47277,122628,295505,154770
round_k,1,4,16,49,150,463,1393,4221,12687,38692
round_shots,895,143,96,79,77,62,44,37,6
round_queries,895,1001,2208,5767,17171,43338,100716,254597,378054
round_k,3,11,36,111,349,1144,3440,10443,31504
round_shots,724,71,173,88,77,61,50,43,35,2
round_queries,724,213,1557,2904,7623,19215,47350,122851,300545,156482
round_k,1,4,16,49,157,473,1428,4293,12945,39120
round_shots,531,149,115,114,73,50,46,36,4
round_queries,531,1043,2875,9234,18177,41450,114402,279180,287716
round_k,3,12,40,124,414,1243,3877,11741,35964
round_shots,401,102,181,86,71,64,54,45,36,3
round_queries,401,306,1629,2322,6035,16960,43146,111105,270972,205167
round_k,1,4,13,42,132,399,1234,3763,11389,34194
round_shots,587,51,122,101,102,75,49,42,34,1
round_queries,587,153,1098,3333,10710,24075,54047,139398,344114,92175
round_k,1,4,16,52,160,551,1659,5060,15262,46087
round_shots,692,51,130,130,73,60,53,43,35,4
round_queries,692,153,1170,4030,7081,17580,46693,113907,280385,291652
round_k,1,4,15,48,146,440,1324,4005,12143,36456
round_shots,703,110,98,68,72,58,44,37,6
round_queries,703,770,2254,4964,15768,41818,101860,256965,387306
round_k,3,11,36,109,360,1157,3472,10530,32275
round_shots,886,138,116,95,65,52,44,37,5
round_queries,886,966,2900,7695,16185,41132,106084,271913,340345
round_k,3,12,40,124,395,1205,3674,11207,34034
round_shots,662,87,157,115,89,61,50,42,35,2
round_queries,662,261,1413,3795,8811,18361,47150,119826,300475,157286
round_k,1,4,16,49,150,471,1426,4292,12916,39321
round_shots,532,139,104,87,69,56,44,36,6
round_queries,532,973,2392,6177,14973,39256,96492,236844,360402
round_k,3,11,35,108,350,1096,3289,9868,30033
round_shots,768,120,125,91,74,53,44,36,4
round_queries,768,840,2875,6643,16798,40439,102916,255996,257460
round_k,3,11,36,113,381,1169,3555,10681,32182
round_shots,915,111,113,91,68,51,42,34,3
round_queries,915,999,3503,8827,21420,52377,132594,326298,259491
round_k,4,15,48,157,513,1578,4798,14408,43248
round_shots,828,94,136,79,74,56,51,43,35,2
round_queries,828,282,1224,2607,7474,17192,46971,119927,294595,153654
round_k,1,4,16,50,153,460,1394,4208,12697,38413
round_shots,721,62,178,105,88,72,62,61,35,2
round_queries,721,186,1602,3465,9240,23112,61070,180255,313215,164342
round_k,1,4,16,52,160,492,1477,4474,13544,41085
round_shots,1053,154,116,79,75,58,47,37,3
round_queries,1053,1078,2900,6399,18675,43326,112095,277981,208383
round_k,3,12,40,124,373,1192,3756,11427,34730
round_shots,565,144,115,111,64,51,44,37,4
round_queries,565,1008,2875,8769,15552,38709,100628,253857,250540
round_k,3,12,39,121,379,1143,3430,10410,31317
round_shots,541,110,98,83,60,54,46,37,5
round_queries,541,770,2254,6059,13500,36558,95726,235801,289835
round_k,3,11,36,112,338,1040,3186,9570,28983
round_shots,907,188,99,86,59,54,42,35,4
round_queries,907,1692,3069,8170,17169,47682,116214,291585,304188
round_k,4,15,47,145,441,1383,4165,12547,38023
round_shots,753,164,118,79,76,57,44,37,5
round_queries,753,1148,2714,5767,17708,45087,104500,266511,331545
round_k,3,11,36,116,395,1187,3601,10992,33154
round_shots,976,189,110,71,73,52,43,36,3
round_queries,976,1323,2970,5893,18469,43524,110381,277524,211401
round_k,3,13,41,126,418,1283,3854,11706,35233
round_shots,581,109,167,110,81,60,53,44,37,3
round_queries,581,327,1503,2970,6723,16020,42771,107668,272875,202455
round_k,1,4,13,41,133,403,1223,3687,11247,33742
round_shots,998,134,97,96,69,53,44,37,6
round_queries,998,938,2231,7200,15801,39591,100364,254153,378690
round_k,3,11,37,114,373,1140,3434,10497,31557
round_shots,547,173,83,94,64,57,44,36,5
round_queries,547,1211,2075,7426,15680,44175,107932,268092,336845
round_k,3,12,39,122,387,1226,3723,11205,33684
round_shots,841,87,142,80,76,60,52,43,35,3
round_queries,841,261,1278,2640,7676,19260,51116,130247,320845,250071
round_k,1,4,16,50,160,491,1514,4583,13889,41678
round_shots,526,117,106,87,77,59,46,37,5
round_queries,526,819,2438,6177,16555,39353,97934,243349,302055
round_k,3,11,35,107,333,1064,3288,10068,30205
round_shots,855,158,122,73,60,62,44,38,7
round_queries,855,1106,2806,5183,12900,39990,92884,240730,412055
round_k,3,11,35,107,322,1055,3167,9705,29432
round_shots,683,87,130,88,70,61,50,44,35,4
round_queries,683,261,1170,2904,6930,18483,45550,120692,290465,301276
round_k,1,4,16,49,151,455,1371,4149,12460,37659
round_shots,901,133,116,70,65,54,44,36,6
round_queries,901,931,2900,5670,15925,41418,104412,256932,387342
round_k,3,12,40,122,383,1186,3568,10723,32278
round_shots,583,170,119,104,65,50,43,35,2
round_queries,583,1190,2975,8424,19565,47550,124141,309575,161934
round_k,3,12,40,150,475,1443,4422,13327,40483
round_shots,925,116,77,74,67,58,44,35,2
round_queries,925,1044,2387,7030,19363,50286,123860,304535,160610
round_k,4,15,47,144,433,1407,4350,13224,40152
round_shots,621,79,138,84,81,69,52,43,35,2
round_queries,621,237,1242,2604,7857,20079,50076,128183,317275,165154
round_k,1,4,15,48,145,481,1490,4532,13708,41288
round_shots,775,62,183,78,75,60,65,42,35,3
round_queries,775,186,1647,2418,7125,17220,56875,127638,319235,250239
round_k,1,4,15,47,143,437,1519,4560,13872,41706
round_shots,656,102,121,96,66,62,51,42,35,2
round_queries,656,306,1089,3168,7194,20398,52275,130830,329035,173170
round_k,1,4,16,54,164,512,1557,4700,14342,43292
round_shots,690,94,180,79,89,66,52,44,35,2
round_queries,690,282,1620,2449,8633,19206,48412,125004,302505,157710
round_k,1,4,15,48,145,465,1420,4321,13028,39427
round_shots,855,100,118,70,90,60,44,45,6
round_queries,855,700,2714,4970,19350,39780,87956,270495,368094
round_k,3,11,35,107,331,999,3005,9990,30674
round_shots,899,93,78,72,60,53,44,38,6
round_queries,899,837,2106,5976,15180,40227,101332,262770,387750
round_k,4,13,41,126,379,1151,3457,10648,32312
round_shots,785,134,117,94,73,60,45,36,5
round_queries,785,938,2925,7426,17593,43500,106515,260748,330885
round_k,3,12,39,120,362,1183,3621,10927,33088
round_shots,800,79,131,100,73,59,49,42,23,3
round_queries,800,237,1179,2700,6935,17523,44149,115290,190417,224547
round_k,1,4,13,47,148,450,1372,4139,12418,37424
round_shots,889,130,95,83,69,54,45,37,6
round_queries,889,910,2185,6059,15111,35586,91125,225071,330522
round_k,3,11,36,109,329,1012,3041,9134,27543
round_shots,779,79,121,117,72,71,54,42,35,3
round_queries,779,237,1089,3861,7128,21229,53730,130914,327425,261315
round_k,1,4,16,49,149,497,1558,4677,14280,43552
round_shots,1009,175,101,70,72,50,43,34,2
round_queries,1009,1575,3333,7350,22680,52950,139621,336566,180554
round_k,4,16,52,157,529,1623,4949,14892,45138
round_shots,397,62,128,100,67,64,52,43,35,4
round_queries,397,186,1152,2700,6365,18496,46228,115369,285005,294020
round_k,1,4,13,47,144,444,1341,4071,12223,36752
round_shots,1098,146,107,84,59,54,45,36,6
round_queries,1098,1022,2675,6300,14455,40014,101475,246780,373098
round_k,3,12,37,122,370,1127,3427,10332,31091
round_shots,953,153,106,92,63,51,41,34,1
round_queries,953,1377,3498,9108,21735,55437,135095,339218,91215
round_k,4,16,49,172,543,1647,4988,15040,45607
round_shots,565,178,76,72,62,55,46,37,7
round_queries,565,1246,1900,5400,14322,38665,99222,243793,425355
round_k,3,12,37,115,351,1078,3294,9942,30382
round_shots,855,109,146,94,66,62,52,43,35,3
round_queries,855,327,1314,3102,6534,18414,46540,115455,282695,220059
round_k,1,4,16,49,148,447,1342,4038,12170,36676
round_shots,541,144,128,83,70,54,45,37,5
round_queries,541,1008,3200,6225,17290,40338,102285,254967,321215
round_k,3,12,37,123,373,1136,3445,10498,32121
round_shots,835,87,137,114,66,61,53,45,37,6
round_queries,835,261,1233,3078,5478,15189,40121,104715,261849,388602
round_k,1,4,13,41,124,378,1163,3538,10731,32383
round_shots,533,85,134,92,72,54,48,39,11
round_queries,533,425,2010,4692,12456,30402,82320,207363,534281
round_k,2,7,25,86,281,857,2658,8054,24285
round_shots,1044,122,84,68,68,54,47,38,6
round_queries,1044,854,2100,5100,15436,38178,99781,243846,364602
round_k,3,12,37,113,353,1061,3208,9848,30383
round_shots,1101,119,74,81,62,55,44,37,6
round_queries,1101,833,1850,6075,15314,41745,102212,259999,389646
round_k,3,12,37,123,379,1161,3513,10751,32470
round_shots,519,62,150,79,68,66,54,43,34,2
round_queries,519,186,1350,2607,7004,20658,51138,124055,298350,160306
round_k,1,4,16,51,156,473,1442,4387,13162,40076
round_shots,592,149,83,104,78,55,45,36,4
round_queries,592,1043,2075,8216,18798,45705,117225,288756,295036
round_k,3,12,39,120,415,1302,4010,12105,36879
round_shots,744,168,97,73,61,54,44,38,5
round_queries,744,1176,2425,5475,13969,37530,94556,245594,301255
round_k,3,12,37,114,347,1074,3231,9885,30125
round_shots,690,87,151,95,87,59,48,41,34,2
round_queries,690,261,1359,3135,8613,20355,50832,130257,324734,173454
round_k,1,4,16,49,172,529,1588,4775,14365,43363
round_shots,720,62,172,101,69,59,49,41,34,1
round_queries,720,186,1548,3333,8073,21417,54831,138785,347242,93915
round_k,1,4,16,58,181,559,1692,5106,15519,46957
round_shots,1013,124,128,90,58,53,45,36,4
round_queries,1013,868,2944,6570,14674,40439,104265,251892,253228
round_k,3,11,36,126,381,1158,3498,10533,31653
round_shots,677,122,115,93,60,61,44,37,7
round_queries,677,854,2645,6789,13140,40321,94468,238391,414827
round_k,3,11,36,109,330,1073,3221,9719,29630
round_shots,840,102,105,96,83,53,44,36,3
round_queries,840,714,2415,6816,19007,42877,110044,271980,209079
round_k,3,11,35,114,404,1250,3777,11418,34846
round_shots,574,173,91,80,64,54,45,37,6
round_queries,574,1211,2275,6000,14400,37962,96165,240093,359874
round_k,3,12,37,112,351,1068,3244,9857,29989
round_shots,817,116,74,73,63,54,45,37,7
round_queries,817,812,1850,5475,14805,38394,97155,239797,417249
round_k,3,12,37,117,355,1079,3240,9765,29803
round_shots,1034,141,89,81,62,53,43,35,2
round_queries,1034,1269,2937,8019,18662,49343,122937,303695,158874
round_k,4,16,49,150,465,1429,4338,13051,39718
round_shots,527,79,133,80,66,66,52,43,35,2
round_queries,527,237,1197,2480,6402,19338,49348,125001,309365,161106
round_k,1,4,15,48,146,474,1453,4419,13278,40276
round_shots,998,119,134,86,63,51,43,36,5
round_queries,998,833,3350,6966,17451,42687,109263,274788,346275
round_k,3,12,40,138,418,1270,3816,11541,34627
round_shots,753,152,86,69,69,60,45,37,5
round_queries,753,1064,1978,4899,15111,42540,103545,260591,323455
round_k,3,11,35,109,354,1150,3521,10723,32345
round_shots,544,100,94,74,68,59,48,37,6
round_queries,544,700,2162,5254,14620,38527,100944,245199,369270
round_k,3,11,35,107,326,1051,3313,10061,30772
round_shots,1016,145,74,86,60,54,45,36,4
round_queries,1016,1015,1850,6450,15300,42282,107595,259956,260740
round_k,3,12,37,127,391,1195,3610,10831,32592
round_shots,1005,134,91,76,58,51,41,31,1
round_queries,1005,1206,3003,8436,21054,56151,136817,311581,92645
round_k,4,16,55,181,550,1668,5025,15261,46322
round_shots,1108,145,92,74,59,51,41,35,1
round_queries,1108,1305,3036,8066,20709,55233,136325,349895,92449
round_k,4,16,54,175,541,1662,4998,15214,46224
round_shots,662,122,86,86,64,53,44,36,3
round_queries,662,854,2150,6966,17472,43725,110220,270900,208017
round_k,3,12,40,136,412,1252,3762,11410,34669
round_shots,713,122,121,105,71,60,50,41,26
round_queries,713,366,1089,3465,8449,22740,58450,145181,851994
round_k,1,4,16,59,189,584,1770,5366,16384
round_shots,603,79,162,107,86,60,66,47,34,2
round_queries,603,237,1458,3317,8170,17340,58146,143491,329630,175502
round_k,1,4,15,47,144,440,1526,4847,14607,43875
round_shots,773,160,105,82,66,52,45,38,7
round_queries,773,1120,2415,5986,14718,36660,95265,245670,418425
round_k,3,11,36,111,352,1058,3232,9947,29887
round_shots,935,140,119,85,60,54,45,37,6
round_queries,935,980,2975,6375,13860,37854,97155,242313,360366
round_k,3,12,37,115,350,1079,3274,9868,30030
round_shots,565,117,84,75,62,66,46,37,4
round_queries,565,819,1932,5325,13330,42702,100878,251193,248180
round_k,3,11,35,107,323,1096,3394,10295,31022
round_shots,846,116,88,90,74,53,44,36,3
round_queries,846,812,2200,6930,17390,42135,108284,269604,206715
round_k,3,12,38,117,397,1230,3744,11374,34452
round_shots,1038,136,114,91,64,52,45,37,7
round_queries,1038,952,2850,6825,14784,36972,96795,240981,418145
round_k,3,12,37,115,355,1075,3256,9879,29867
round_shots,570,141,130,80,58,50,44,37,3
round_queries,570,987,3250,6480,15254,39450,104148,266437,202377
round_k,3,12,40,131,394,1183,3600,11006,33729
round_shots,1001,162,99,72,58,48,42,35,2
round_queries,1001,1458,3267,7560,19430,48912,128394,322175,167274
round_k,4,16,52,167,509,1528,4602,13812,41818
round_shots,474,62,190,119,100,56,49,41,34,2
round_queries,474,186,1710,3689,9700,19992,52479,132799,331058,177674
round_k,1,4,15,48,178,535,1619,4868,14709,44418
round_shots,864,71,162,79,68,61,51,43,35,2
round_queries,864,213,1458,2607,6868,18971,49011,125517,308735,161534
round_k,1,4,16,50,155,480,1459,4410,13356,40383
round_shots,967,121,100,82,68,50,41,34,1
round_queries,967,1089,3300,8446,23596,57850,142803,356558,97143
round_k,4,16,51,173,578,1741,5243,15927,48571
round_shots,820,71,115,95,88,67,51,42,35,2
round_queries,820,213,1035,2945,8360,20033,48807,122430,307195,161698
round_k,1,4,15,47,149,478,1457,4388,13289,40424
round_shots,930,136,127,82,70,55,44,37,7
round_queries,930,952,3175,6642,17010,40315,96756,246161,425733
round_k,3,12,40,121,366,1099,3326,10110,30409
round_shots,892,169,110,102,66,52,45,37,7
round_queries,892,1183,2530,7446,14454,36452,94725,235135,402717
round_k,3,11,36,109,350,1052,3177,9548,28765
round_shots,811,152,105,91,66,53,43,35,3
round_queries,811,1064,2625,6825,17226,43513,107543,264285,205989
round_k,3,12,37,130,410,1250,3775,11350,34331
round_shots,683,71,145,115,71,61,53,45,36,4
round_queries,683,213,1305,3105,6603,17385,45739,117495,289764,293540
round_k,1,4,13,46,142,431,1305,4024,12178,36692
round_shots,622,71,181,111,95,72,49,42,34,1
round_queries,622,213,1629,3663,9975,23256,52871,136794,335954,90805
round_k,1,4,16,52,161,539,1628,4940,14927,45402
round_shots,216,71,132,99,87,61,52,43,34,2
round_queries,216,213,1188,3267,9135,19459,51636,130935,314466,166874
round_k,1,4,16,52,159,496,1522,4624,13881,41718
round_shots,1064,173,97,89,62,54,45,37,6
round_queries,1064,1211,2425,6675,14322,38394,98415,248603,368310
round_k,3,12,37,115,355,1093,3359,10216,30692
round_shots,1004,146,92,92,59,61,44,37,6
round_queries,1004,1022,2300,7452,14337,44713,96756,245199,364914
round_k,3,12,40,121,366,1099,3313,10005,30409
round_shots,998,170,90,114,61,50,45,37,4
round_queries,998,1190,2250,9234,15189,37950,102465,258741,255292
round_k,3,12,40,124,379,1138,3496,10616,31911
round_shots,703,79,128,103,71,62,51,45,37,4
round_queries,703,237,1152,2781,5893,15438,38403,102105,254153,248756
round_k,1,4,13,41,124,376,1134,3434,10347,31094
round_shots,930,141,90,68,74,56,43,36,3
round_queries,930,987,2250,5508,17982,45752,110983,280908,214155
round_k,3,12,40,121,408,1290,3901,11855,35692
round_shots,829,146,113,69,59,55,43,37,4
round_queries,829,1022,2825,5589,14573,41415,99717,258667,256772
round_k,3,12,40,123,376,1159,3495,10672,32096
round_shots,938,158,105,76,65,52,45,37,3
round_queries,938,1106,2625,6156,16575,42276,111825,281533,209631
round_k,3,12,40,127,406,1242,3804,11534,34938
round_shots,526,102,88,96,65,77,49,43,4
round_queries,526,714,2024,7008,15145,54901,105399,278683,247012
round_k,3,11,36,116,356,1075,3240,9818,30876
round_shots,744,152,124,92,66,54,44,37,5
round_queries,744,1064,3100,7452,16170,42498,107052,272283,342815
round_k,3,12,40,122,393,1216,3679,11291,34281
round_shots,747,165,134,70,62,55,45,37,4
round_queries,747,1155,3350,5670,15190,41635,102195,254967,252884
round_k,3,12,40,122,378,1135,3445,10522,31610
round_shots,841,62,128,78,76,61,50,42,35,2
round_queries,841,186,1152,2574,7676,19581,48250,121590,304955,158094
round_k,1,4,16,50,160,482,1447,4356,13150,39523
round_shots,875,134,96,90,63,52,45,37,5
round_queries,875,938,2400,6750,16569,41028,108045,269545,331675
round_k,3,12,37,131,394,1200,3642,11035,33167
round_shots,716,51,183,107,86,58,52,44,39,4
round_queries,716,153,1647,3317,8170,16762,45396,116996,314145,292180
round_k,1,4,15,47,144,436,1329,4027,12173,36522
round_shots,421,102,164,87,71,62,53,43,36,3
round_queries,421,306,1476,2349,6035,16430,42983,105651,265644,201927
round_k,1,4,13,42,132,405,1228,3689,11103,33654
round_shots,978,116,134,83,62,53,44,36,4
round_queries,978,812,3350,6723,16926,44891,114796,282636,288228
round_k,3,12,40,136,423,1304,3925,11855,36028
round_shots,695,100,81,112,74,58,44,42,7
round_queries,695,700,1863,7952,16058,38106,86900,249438,407477
round_k,3,11,35,108,328,987,2969,9459,29105
round_shots,927,109,115,72,65,57,48,37,7
round_queries,927,763,2645,5112,14105,38589,101904,236171,411845
round_k,3,11,35,108,338,1061,3191,9689,29417
round_shots,908,191,109,87,61,57,45,35,2
round_queries,908,1719,3597,8961,18971,53637,127665,308105,161190
round_k,4,16,51,155,470,1418,4401,13271,40297
round_shots,1007,174,94,87,63,52,43,36,5
round_queries,1007,1218,2162,6525,16191,41652,104103,262548,334245
round_k,3,11,37,128,400,1210,3646,11002,33424
round_shots,668,94,151,93,64,64,54,43,35,3
round_queries,668,282,1359,3069,6720,20160,51354,127151,313075,247743
round_k,1,4,16,52,157,475,1478,4472,13574,41290
round_shots,630,122,117,84,65,54,44,36,4
round_queries,630,854,2925,6300,15925,41526,103796,257796,259804
round_k,3,12,37,122,384,1179,3580,10791,32475
round_shots,695,117,119,93,57,53,45,37,5
round_queries,695,819,2737,6789,12483,35669,92475,228993,280755
round_k,3,11,36,109,336,1027,3094,9296,28075
round_shots,967,130,100,67,60,51,44,36,4
round_queries,967,1170,3300,6633,17820,45543,119636,296172,299196
round_k,4,16,49,148,446,1359,4113,12464,37399
round_shots,1013,168,97,70,61,52,42,35,3
round_queries,1013,1512,3201,6930,18727,49140,121338,303835,238209
round_k,4,16,49,153,472,1444,4340,13091,39701
round_shots,947,161,107,68,64,53,45,38,5
round_queries,947,1127,2675,5100,14528,36517,94455,241794,293585
round_k,3,12,37,113,344,1049,3181,9646,29358
round_shots,778,62,122,112,65,44,50,43,35,4
round_queries,778,186,1098,3696,6435,13156,44850,117777,288015,297916
round_k,1,4,16,49,149,448,1369,4114,12352,37239
round_shots,605,130,86,77,65,54,49,38,4
round_queries,605,910,2150,6237,16315,42930,118237,295374,285508
round_k,3,12,40,125,397,1206,3886,11701,35688
round_shots,826,121,80,95,59,54,56,38,6
round_queries,826,847,1840,6745,12685,35046,110824,255398,379470
round_k,3,11,35,107,324,989,3360,10371,31622
round_shots,973,149,109,81,63,53,44,36,5
round_queries,973,1043,2725,6561,16695,43831,110484,275508,349525
round_k,3,12,40,132,413,1255,3826,11531,34952
round_shots,809,71,123,87,80,59,52,43,34,2
round_queries,809,213,1107,2871,8400,18821,50700,128871,308822,166430
round_k,1,4,16,52,159,487,1498,4541,13647,41607
round_shots,992,146,94,95,60,54,44,35,3
round_queries,992,1314,3102,9405,18060,49734,125180,304325,239487
round_k,4,16,49,150,460,1422,4347,13126,39914
round_shots,884,162,93,74,70,54,45,37,6
round_queries,884,1134,2325,5846,17150,39906,101925,257927,382194
round_k,3,12,39,122,369,1132,3485,10534,31849
round_shots,904,134,97,73,60,55,46,37,7
round_queries,904,938,2231,5475,13740,37785,97382,240685,413133
round_k,3,11,37,114,343,1058,3252,9836,29509
round_shots,523,125,120,89,61,58,45,37,5
round_queries,523,875,2760,6497,13725,39846,98055,246531,303145
round_k,3,11,36,112,343,1089,3331,10028,30314
round_shots,988,175,97,84,60,52,40,35,4
round_queries,988,1575,3201,8316,18060,47892,110600,293475,304396
round_k,4,16,49,150,460,1382,4192,12599,38049
round_shots,1055,83,111,79,63,51,44,35,5
round_queries,1055,747,2997,6715,16191,40137,105116,253715,329665
round_k,4,13,42,128,393,1194,3624,10899,32966
round_shots,645,146,113,72,72,57,44,36,4
round_queries,645,1022,2825,5832,17496,45999,113740,279468,285084
round_k,3,12,40,121,403,1292,3881,11703,35635
round_shots,932,142,99,85,66,56,44,36,7
round_queries,932,994,2277,6205,14850,38024,93060,228780,400995
round_k,3,11,36,112,339,1057,3177,9532,28642
round_shots,751,94,140,76,79,60,52,43,35,3
round_queries,751,282,1260,2508,7979,18540,49036,123281,304325,237471
round_k,1,4,16,50,154,471,1433,4347,13077,39578
round_shots,1048,140,107,68,66,52,44,36,5
round_queries,1048,1260,2889,5644,16698,41132,104588,256860,323875
round_k,4,13,41,126,395,1188,3567,10743,32387
round_shots,811,116,116,76,70,55,45,38,7
round_queries,811,812,2668,5244,15470,39105,95985,243618,416927
round_k,3,11,34,110,355,1066,3205,9828,29780
round_shots,741,167,120,111,70,52,45,37,7
round_queries,741,1169,2760,7881,15330,36868,96255,238243,413273
round_k,3,11,35,109,354,1069,3219,9704,29519
round_shots,672,79,130,102,76,60,49,41,35,2
round_queries,672,237,1170,3366,8132,20820,52577,132881,340865,177626
round_k,1,4,16,53,173,536,1620,4869,14758,44406
round_shots,589,147,90,77,63,53,46,37,6
round_queries,589,1029,2070,5775,14805,38637,101062,247123,365982
round_k,3,11,37,117,364,1098,3339,10139,30498
round_shots,911,185,77,88,59,50,42,35,2
round_queries,911,1665,2541,8712,20237,53050,134274,337575,178190
round_k,4,16,49,171,530,1598,4822,14730,44547
round_shots,938,149,104,79,63,51,43,35,3
round_queries,938,1043,2600,6715,17325,43707,110811,271985,210051
round_k,3,12,42,137,428,1288,3885,11669,35008
round_shots,773,122,76,79,59,54,45,37,4
round_queries,773,854,1900,5925,13865,38502,98505,246309,246220
round_k,3,12,37,117,356,1094,3328,10089,30777
round_shots,426,79,126,93,88,71,50,40,35,2
round_queries,426,237,1134,3069,9240,22791,48250,116120,307055,162042
round_k,1,4,16,52,160,482,1451,4386,13272,40510
round_shots,756,100,94,77,63,54,46,38,8
round_queries,756,700,2162,5467,13419,35262,90390,226290,443976
round_k,3,11,35,106,326,982,2977,9042,27748
round_shots,541,130,99,76,62,54,45,37,5
round_queries,541,910,2277,5244,13578,36126,92475,229215,284105
round_k,3,11,34,109,334,1027,3097,9363,28410
round_shots,844,51,141,90,82,83,54,42,34,1
round_queries,844,153,1269,2790,7954,24651,57726,141918,351322,94295
round_k,1,4,15,48,148,534,1689,5166,15589,47147
round_shots,985,117,110,68,63,51,45,36,5
round_queries,985,1053,2970,5644,15939,39729,105795,258444,327955
round_k,4,13,41,126,389,1175,3589,10803,32795
round_shots,776,94,154,96,76,59,52,43,35,2
round_queries,776,282,1386,2976,7524,18821,50180,127925,318675,169254
round_k,1,4,15,49,159,482,1487,4552,13802,42313
round_shots,1078,176,80,93,69,53,45,37,4
round_queries,1078,1232,2000,6975,15801,39591,101655,257113,254692
round_k,3,12,37,114,373,1129,3474,10520,31836
round_shots,866,127,118,71,59,52,43,36,6
round_queries,866,889,2950,5751,14573,39156,98169,248580,376026
round_k,3,12,40,123,376,1141,3452,10401,31335
round_shots,408,87,125,116,86,60,50,43,35,3
round_queries,408,261,1125,3596,8342,19980,51550,133085,327565,255711
round_k,1,4,15,48,166,515,1547,4679,14174,42618
round_shots,868,166,106,69,60,52,44,36,2
round_queries,868,1494,3498,6831,17940,46852,120956,302436,155630
round_k,4,16,49,149,450,1374,4200,12902,38907
round_shots,606,181,135,85,64,54,44,36,4
round_queries,606,1267,3105,6375,15936,42498,105820,261828,265412
round_k,3,11,37,124,393,1202,3636,10983,33176
round_shots,881,143,93,103,67,58,47,38,6
round_queries,881,1001,2139,7313,14271,37178,90475,224998,325206
round_k,3,11,35,106,320,962,2960,8988,27100
round_shots,886,170,89,76,60,49,43,35,3
round_queries,886,1530,2937,7524,19140,48265,127151,312025,246333
round_k,4,16,49,159,492,1478,4457,13492,41055
round_shots,846,156,95,78,68,52,45,37,6
round_queries,846,1092,2185,5850,16388,40092,104265,257631,379290
round_k,3,11,37,120,385,1158,3481,10525,31607
round_shots,918,145,77,66,63,53,43,36,2
round_queries,918,1305,2541,6666,19089,49343,123195,313452,158290
round_k,4,16,50,151,465,1432,4353,13146,39572
round_shots,765,94,123,74,71,60,50,43,35,3
round_queries,765,282,1107,2442,7029,17940,44850,117089,289345,223893
round_k,1,4,16,49,149,448,1361,4133,12425,37315
round_shots,645,141,94,68,64,52,45,38,7
round_queries,645,987,2350,5100,14400,36348,94725,240730,411999
round_k,3,12,37,112,349,1052,3167,9728,29428
round_shots,901,122,113,69,74,53,43,35,3
round_queries,901,1098,3729,7245,23310,50403,128011,316225,249369
round_k,4,16,52,157,475,1488,4517,13626,41561
round_shots,565,138,113,84,60,52,46,37,4
round_queries,565,966,2825,6804,14700,38428,102074,254597,249044
round_k,3,12,40,122,369,1109,3440,10365,31130
round_shots,807,62,168,120,86,59,52,43,35,3
round_queries,807,186,1512,3960,9030,18585,50180,128269,317205,250173
round_k,1,4,16,52,157,482,1491,4531,13663,41695
round_shots,843,116,128,83,63,50,44,24,6
round_queries,843,812,3200,6723,15309,37950,100188,163992,375606
round_k,3,12,40,121,379,1138,3416,10249,31300
round_shots,686,130,121,72,72,54,44,24,5
round_queries,686,910,3025,5688,17064,42174,105820,174168,327865
round_k,3,12,39,118,390,1202,3628,10885,32786
round_shots,566,136,87,80,65,52,46,37,7
round_queries,566,952,2175,6000,15535,37284,98946,243423,420889
round_k,3,12,37,119,358,1075,3289,9907,30063
round_shots,765,87,144,84,93,63,50,42,26
round_queries,765,261,1296,2772,9765,23499,58950,150486,861406
round_k,1,4,16,52,186,589,1791,5491,16565
round_shots,744,109,83,91,72,55,46,37,6
round_queries,744,763,1909,6643,15768,39435,101706,249269,367734
round_k,3,11,36,109,358,1105,3368,10195,30644
round_shots,765,117,109,76,68,56,44,37,6
round_queries,765,819,2507,5396,14892,39704,97460,246753,369786
round_k,3,11,35,109,354,1107,3334,10116,30815
round_shots,773,130,94,97,77,51,43,36,6
round_queries,773,910,2350,7857,18711,37485,96535,244548,373122
round_k,3,12,40,121,367,1122,3396,10189,31093
round_shots,938,160,123,84,63,55,44,36,6
round_queries,938,1120,2829,6132,15183,41305,99220,244332,370854
round_k,3,11,36,120,375,1127,3393,10271,30904
round_shots,892,132,88,68,58,53,46,38,8
round_queries,892,924,2024,4964,12702,34821,91218,228646,442104
round_k,3,11,36,109,328,991,3008,9137,27631
round_shots,970,168,75,66,58,53,43,35,2
round_queries,970,1512,2475,6666,17574,48813,120357,299005,155694
round_k,4,16,50,151,460,1399,4271,12830,38923
round_shots,553,141,87,80,64,51,45,36,4
round_queries,553,987,2175,6000,15296,37995,102105,246348,248052
round_k,3,12,37,119,372,1134,3421,10277,31006
round_shots,747,102,159,78,69,62,52,42,36,2
round_queries,747,306,1431,2574,6969,19158,49556,120834,313740,158990
round_k,1,4,16,50,154,476,1438,4357,13161,39747
round_shots,541,109,80,73,36,60,46,38,8
round_queries,541,763,1840,5183,7812,39060,89838,224238,435032
round_k,3,11,35,108,325,976,2950,8992,27189
round_shots,904,132,90,97,60,54,44,37,5
round_queries,904,924,2070,7275,15900,43254,107316,275317,341515
round_k,3,11,37,132,400,1219,3720,11378,34151
round_shots,1010,122,109,94,68,54,42,35,4
round_queries,1010,854,2725,7426,18700,48330,116634,292635,306060
round_k,3,12,39,137,447,1388,4180,12649,38257
round_shots,946,158,108,85,56,51,42,35,2
round_queries,946,1422,3564,8415,18872,51561,127722,320285,168298
round_k,4,16,49,168,505,1520,4575,13963,42074
round_shots,779,71,178,82,80,66,51,43,35,2
round_queries,779,213,1602,2542,7760,21450,50031,128699,315035,165842
round_k,1,4,15,48,162,490,1496,4500,13627,41460
round_shots,809,87,134,83,87,58,50,41,34,2
round_queries,809,261,1206,2739,8613,20010,52150,130995,325958,173106
round_k,1,4,16,49,172,521,1597,4793,14391,43276
round_shots,976,153,85,66,62,54,46,37,8
round_queries,976,1071,2125,4950,13950,36774,94438,230177,452808
round_k,3,12,37,112,340,1026,3110,9361,28300
round_shots,648,62,121,126,76,66,52,42,38,3
round_queries,648,186,1089,3906,7372,20130,48308,119658,325546,247797
round_k,1,4,15,48,152,464,1424,4283,13380,41299
round_shots,506,102,141,132,70,64,50,42,35,2
round_queries,506,306,1269,4356,7070,19776,49050,124026,312935,164226
round_k,1,4,16,50,154,490,1476,4470,13493,41056
round_shots,1007,122,105,72,61,52,46,37,7
round_queries,1007,854,2625,5400,14091,36244,96554,235357,408849
round_k,3,12,37,115,348,1049,3180,9605,29203
round_shots,765,138,90,69,60,52,45,38,5
round_queries,765,966,2250,5175,13500,35100,91125,233510,283305
round_k,3,12,37,112,337,1012,3072,9375,28330
round_shots,718,160,113,89,67,63,44,37,7
round_queries,718,1120,2599,6319,14539,43407,92444,233507,401107
round_k,3,11,35,108,344,1050,3155,9514,28650
round_shots,807,79,143,90,69,59,53,43,35,4
round_queries,807,237,1287,2790,6693,17405,47223,118293,290465,301380
round_k,1,4,15,48,147,445,1375,4149,12483,37672
round_shots,1081,119,136,78,62,52,45,37,4
round_queries,1081,833,3400,6318,15314,39572,102825,256077,256612
round_k,3,12,40,123,380,1142,3460,10497,32076
round_shots,915,172,77,68,63,51,43,36,4
round_queries,915,1548,2541,6732,18837,45951,117261,295812,301060
round_k,4,16,49,149,450,1363,4108,12507,37632
round_shots,783,102,147,120,70,62,52,42,35,2
round_queries,783,306,1323,3960,7350,19654,49660,124194,310625,162642
round_k,1,4,16,52,158,477,1478,4437,13435,40660
round_shots,1033,165,102,83,69,52,44,36,4
round_queries,1033,1155,2550,6723,17043,41236,106436,263556,265780
round_k,3,12,40,123,396,1209,3660,11038,33222
round_shots,494,71,142,119,87,59,48,42,34,1
round_queries,494,213,1278,3927,9135,21299,52944,139146,343162,92037
round_k,1,4,16,52,180,551,1656,5046,15173,46018
round_shots,695,94,155,75,73,61,52,43,35,4
round_queries,695,282,1395,2475,7227,18239,47580,119927,297185,309596
round_k,1,4,16,49,149,457,1394,4245,12790,38699
round_shots,568,149,116,93,64,55,44,36,5
round_queries,568,1043,2900,7533,15936,42515,106524,263844,333005
round_k,3,12,40,124,386,1210,3664,11036,33300
round_shots,987,138,120,79,63,54,44,37,6
round_queries,987,966,3000,5925,15183,40230,99396,250749,376734
round_k,3,12,37,120,372,1129,3388,10277,31394
round_shots,775,62,170,92,83,59,52,43,35,2
round_queries,775,186,1530,3036,8217,19765,53404,135751,338555,178022
round_k,1,4,16,49,167,513,1578,4836,14776,44505
round_shots,796,79,136,85,75,59,51,42,34,2
round_queries,796,237,1224,2805,7575,19293,51459,130494,319702,172558
round_k,1,4,16,50,163,504,1553,4701,14119,43139
round_shots,721,134,80,90,74,55,47,39,6
round_queries,721,938,1840,6390,15910,35585,93107,236925,329022
round_k,3,11,35,107,323,990,3037,9139,27418
round_shots,566,118,80,99,62,66,44,37,6
round_queries,566,826,1840,7029,13330,43098,96844,246531,371766
round_k,3,11,35,107,326,1100,3331,10119,30980
round_shots,852,130,124,85,63,50,45,36,6
round_queries,852,910,2852,6375,15561,37050,100035,241092,368646
round_k,3,11,37,123,370,1111,3348,10068,30720
round_shots,662,146,120,69,63,57,43,36,4
round_queries,662,1022,3000,5589,15687,44175,100491,253044,258788
round_k,3,12,40,124,387,1168,3514,10626,32348
round_shots,882,127,97,73,60,55,43,37,6
round_queries,882,1143,2619,6205,15420,42405,101179,261405,390678
round_k,4,13,42,128,385,1176,3532,10790,32556
round_shots,1101,160,82,81,64,53,44,38,6
round_queries,1101,1120,2050,6075,14784,38531,98252,254942,376506
round_k,3,12,37,115,363,1116,3354,10292,31375
round_shots,554,71,182,124,88,59,55,42,35,3
round_queries,554,213,1638,4092,8712,17641,50215,120582,303695,237279
round_k,1,4,16,49,149,456,1435,4338,13095,39546
round_shots,1033,152,118,73,62,51,46,38,7
round_queries,1033,1064,2714,5329,13826,34833,94438,241870,413133
round_k,3,11,36,111,341,1026,3182,9724,29509
round_shots,544,119,105,85,58,53,44,36,5
round_queries,544,833,2625,6885,15602,42771,106524,266076,337145
round_k,3,12,40,134,403,1210,3695,11151,33714
round_shots,869,149,127,73,65,53,44,36,3
round_queries,869,1043,3175,5913,16575,43089,109516,269748,205407
round_k,3,12,40,127,406,1244,3746,11322,34234
round_shots,1007,130,88,70,64,53,46,37,7
round_queries,1007,910,2200,5250,14528,37683,99038,239723,412839
round_k,3,12,37,113,355,1076,3239,9720,29488
round_shots,662,51,157,96,79,61,53,42,36,3
round_queries,662,153,1413,2592,6715,17263,45103,108570,279180,214173
round_k,1,4,13,42,141,425,1292,3877,11729,35695
round_shots,805,122,105,93,68,54,45,37,4
round_queries,805,854,2415,6975,15708,39906,100575,250009,247516
round_k,3,11,37,115,369,1117,3378,10145,30939
round_shots,536,146,120,91,73,51,44,36,5
round_queries,536,1022,3000,7371,17739,41055,106612,264636,333735
round_k,3,12,40,121,402,1211,3675,11124,33373
round_shots,1023,124,115,84,59,51,43,35,2
round_queries,1023,1116,3795,8316,17759,46665,119583,295995,153830
round_k,4,16,49,150,457,1390,4228,12769,38457
round_shots,656,87,142,97,71,62,51,43,35,3
round_queries,656,261,1278,3201,7029,19158,48807,124055,307195,240765
round_k,1,4,16,49,154,478,1442,4388,13222,40127
round_shots,600,142,86,84,78,79,45,39,5
round_queries,600,994,1978,5964,16770,52535,91755,242697,294155
round_k,3,11,35,107,332,1019,3111,9689,29415
round_shots,811,146,90,82,63,52,45,38,4
round_queries,811,1022,2250,6150,15309,39156,103095,262770,258540
round_k,3,12,37,121,376,1145,3457,10603,32317
round_shots,559,135,82,80,69,53,45,37,6
round_queries,559,945,2050,6000,15801,38849,99585,250453,372990
round_k,3,12,37,114,366,1106,3384,10312,31082
round_shots,571,169,129,75,59,62,54,36,6
round_queries,571,1183,2967,5325,12685,40238,114318,252972,387114
round_k,3,11,35,107,324,1058,3513,10610,32259
round_shots,866,157,77,75,59,50,43,35,3
round_queries,866,1413,2541,7425,18939,48150,126205,310415,244425
round_k,4,16,49,160,481,1467,4434,13340,40737
round_shots,1033,120,88,82,65,52,44,37,6
round_queries,1033,840,2200,6150,15795,39260,99924,252821,372798
round_k,3,12,37,121,377,1135,3416,10354,31066
round_shots,842,62,178,84,76,57,50,42,35,2
round_queries,842,186,1602,2772,7828,18525,48850,123354,308735,161538
round_k,1,4,16,51,162,488,1468,4410,13280,40384
round_shots,741,160,102,80,64,53,44,36,4
round_queries,741,1120,2550,6480,16832,44255,112244,277956,286676
round_k,3,12,40,131,417,1275,3860,11749,35834
round_shots,727,125,91,80,66,53,44,37,4
round_queries,727,875,2275,6000,16038,40015,100012,253117,248684
round_k,3,12,37,121,377,1136,3420,10346,31085
round_shots,223,62,159,82,89,65,49,41,35,3
round_queries,223,186,1431,2706,8811,22425,50911,127879,328125,255345
round_k,1,4,16,49,172,519,1559,4687,14161,42557
round_shots,662,51,125,77,74,60,55,43,35,3
round_queries,662,153,1125,2387,7030,17100,47465,116745,288995,224751
round_k,1,4,15,47,142,431,1357,4128,12391,37458
round_shots,955,157,86,69,59,55,44,36,6
round_queries,955,1099,2150,5589,14573,41415,102036,253044,383718
round_k,3,12,40,123,376,1159,3514,10560,31976
round_shots,730,180,86,89,69,54,43,36,3
round_queries,730,1260,2150,7209,16767,42822,106597,269388,203991
round_k,3,12,40,121,396,1239,3741,11235,33998
round_shots,553,140,77,74,68,52,46,36,7
round_queries,553,980,1925,5550,16252,37284,100326,240372,420833
round_k,3,12,37,119,358,1090,3338,10015,30059
round_shots,730,102,121,74,67,63,50,44,35,2
round_queries,730,306,1089,2442,6633,18837,47050,124564,301805,156838
round_k,1,4,16,49,149,470,1415,4311,12958,39209
round_shots,779,116,80,69,63,53,46,37,7
round_queries,779,812,2000,5175,14175,36623,96186,234987,410557
round_k,3,12,37,112,345,1045,3175,9772,29325
round_shots,987,142,83,81,60,52,44,35,5
round_queries,987,994,2241,6885,16740,44460,113124,270795,353695
round_k,3,13,42,139,427,1285,3868,11757,35369
round_shots,610,51,130,83,80,61,50,43,31,2
round_queries,610,153,1170,2739,7920,19581,49350,127323,279589,167106
round_k,1,4,16,49,160,493,1480,4509,13676,41776
round_shots,840,139,109,66,68,52,44,37,7
round_queries,840,973,2507,4950,15300,37180,94380,238391,411985
round_k,3,11,37,112,357,1072,3221,9709,29427
round_shots,747,100,125,68,70,54,45,38,6
round_queries,747,700,2875,4964,15470,38718,98505,250230,368802
round_k,3,11,36,110,358,1094,3292,10077,30733
round_shots,669,71,136,75,73,60,50,43,35,2
round_queries,669,213,1224,2475,7373,19740,50650,132053,328475,170582
round_k,1,4,16,50,164,506,1535,4692,14185,42645
round_shots,1044,121,98,72,59,50,42,33,2
round_queries,1044,1089,3234,7848,20473,52850,133686,316899,173018
round_k,4,16,54,173,528,1591,4801,14417,43254
round_shots,745,79,134,112,68,60,55,45,37,4
round_queries,745,237,1206,3024,5508,14700,40535,103005,256077,252636
round_k,1,4,13,40,122,368,1144,3460,10472,31579
round_shots,776,79,175,86,100,59,49,42,34,1
round_queries,776,237,1575,2666,9700,21063,53949,138810,338198,90599
round_k,1,4,15,48,178,550,1652,4973,14985,45299
round_shots,1096,143,84,88,63,56,46,38,7
round_queries,1096,1001,1932,6248,13923,37464,96554,242706,415345
round_k,3,11,35,110,334,1049,3193,9791,29667
round_shots,574,79,130,101,66,67,50,42,31,3
round_queries,574,237,1170,3333,6930,21239,51150,130746,292237,257163
round_k,1,4,16,52,158,511,1556,4713,14205,42860
round_shots,550,164,97,77,63,53,46,37,5
round_queries,550,1148,2231,5775,14175,35987,94438,230103,283165
round_k,3,11,37,112,339,1026,3109,9339,28316
round_shots,790,51,172,106,79,60,50,43,35,3
round_queries,790,153,1548,3498,7821,19740,49650,128957,322875,251781
round_k,1,4,16,49,164,496,1499,4612,13930,41963
round_shots,881,178,86,69,61,52,45,36,4
round_queries,881,1246,2150,5589,14945,38532,101565,245916,250300
round_k,3,12,40,122,370,1128,3415,10268,31287
round_shots,1044,173,99,81,59,53,43,36,3
round_queries,1044,1211,2475,6561,15871,42983,107973,273276,209235
round_k,3,12,40,134,405,1255,3795,11421,34872
round_shots,1041,136,123,90,79,51,46,37,6
round_queries,1041,952,2829,6570,17775,38505,104374,260443,388314
round_k,3,11,36,112,377,1134,3519,10720,32359
round_shots,531,116,91,109,61,50,47,37,6
round_queries,531,812,2275,8611,14701,36850,103917,253191,376698
round_k,3,12,39,120,368,1105,3421,10452,31391
round_shots,559,176,91,91,62,53,45,37,5
round_queries,559,1232,2275,6825,14322,38001,97425,244163,301295
round_k,3,12,37,115,358,1082,3299,9926,30129
round_shots,762,102,123,99,84,57,49,42,34,1
round_queries,762,306,1107,3267,8820,20691,53655,139986,341122,92141
round_k,1,4,16,52,181,547,1666,5016,15188,46070
round_shots,904,159,75,81,61,51,43,35,2
round_queries,904,1431,2475,8181,20679,52173,132913,328755,173114
round_k,4,16,50,169,511,1545,4696,14347,43278
round_shots,683,120,130,94,80,63,46,36,3
round_queries,683,840,2990,6862,17840,49077,120198,293580,223311
round_k,3,11,36,111,389,1306,4077,12367,37218
round_shots,559,119,110,91,63,52,45,36,5
round_queries,559,833,2750,6825,16443,42380,110115,272124,346755
round_k,3,12,37,130,407,1223,3779,11412,34675
round_shots,430,71,174,92,82,61,51,42,34,2
round_queries,430,213,1566,3036,8118,20313,53091,134190,326842,174922
round_k,1,4,16,49,166,520,1597,4806,14425,43730
round_shots,834,176,93,74,66,52,45,24,4
round_queries,834,1232,2325,5550,15774,39052,102735,166152,250252
round_k,3,12,37,119,375,1141,3461,10417,31281
round_shots,738,87,170,80,77,57,51,43,35,3
round_queries,738,261,1530,2640,7777,17613,47379,120701,300125,233553
round_k,1,4,16,50,154,464,1403,4287,12863,38925
round_shots,704,115,145,95,81,62,52,43,36,4
round_queries,704,345,1305,2565,6885,17298,45188,112101,284148,293692
round_k,1,4,13,42,139,434,1303,3946,11977,36711
round_shots,394,51,136,87,73,58,52,42,35,2
round_queries,394,153,1224,2871,7373,17690,48516,120498,302155,157762
round_k,1,4,16,50,152,466,1434,4316,13002,39440
round_shots,984,130,114,68,59,53,44,35,2
round_queries,984,1170,3762,6732,17877,48389,124124,303065,159654
round_k,4,16,49,151,456,1410,4329,13122,39913
round_shots,900,141,82,66,61,52,43,36,3
round_queries,900,1269,2706,6534,18117,46436,117003,294732,227439
round_k,4,16,49,148,446,1360,4093,12537,37906
round_shots,1027,127,105,66,79,51,45,36,4
round_queries,1027,889,2625,5346,19197,43197,114885,282564,288668
round_k,3,12,40,121,423,1276,3924,11868,36083
round_shots,596,122,101,82,66,52,44,36,4
round_queries,596,854,2525,6150,16434,41652,106876,262404,264668
round_k,3,12,37,124,400,1214,3644,10945,33083
round_shots,523,116,128,70,61,53,44,37,6
round_queries,523,812,3200,5670,14945,39273,99660,254153,376890
round_k,3,12,40,122,370,1132,3434,10439,31407
round_shots,624,71,126,122,80,55,52,43,35,3
round_queries,624,213,1134,4026,8400,17325,50388,129215,321195,252471
round_k,1,4,16,52,157,484,1502,4588,13943,42078
round_shots,911,126,77,68,64,53,43,36,2
round_queries,911,1134,2541,6868,19904,51569,128527,323388,164862
round_k,4,16,50,155,486,1494,4491,13539,41215
round_shots,873,141,92,79,67,52,44,35,2
round_queries,873,1269,3036,7821,21373,49972,129052,315105,165934
round_k,4,16,49,159,480,1466,4501,13696,41483
round_shots,346,122,185,129,65,61,49,41,35,1
round_queries,346,366,1665,3999,7605,21899,54929,139605,358365,95037
round_k,1,4,15,58,179,560,1702,5119,15614,47518
round_shots,1030,152,83,86,69,52,44,38,8
round_queries,1030,1064,1909,6106,14973,33852,86900,225910,434648
round_k,3,11,35,108,325,987,2972,8982,27165
round_shots,633,121,102,81,64,53,44,37,4
round_queries,633,847,2550,6561,16960,42347,106524,269989,269068
round_k,3,12,40,132,399,1210,3648,11156,33633
round_shots,834,147,83,71,76,32,47,36,5
round_queries,834,1029,1909,5183,17100,24416,107583,261612,332685
round_k,3,11,36,112,381,1144,3633,10912,33268
round_shots,747,143,83,71,67,52,44,41,7
round_queries,747,1001,1909,5183,14941,34996,89540,250879,393547
round_k,3,11,36,111,336,1017,3059,9267,28110
round_shots,686,62,162,92,74,61,52,43,36,2
round_queries,686,186,1458,3036,7326,19215,49972,125087,316404,161526
round_k,1,4,16,49,157,480,1454,4394,13321,40381
round_shots,538,152,95,86,58,58,47,36,5
round_queries,538,1064,2375,6966,14442,43326,112941,260244,331435
round_k,3,12,40,124,373,1201,3614,10923,33143
round_shots,932,170,78,72,73,53,42,36,2
round_queries,932,1530,2418,6840,21827,47753,118314,308484,156510
round_k,4,15,47,149,450,1408,4284,13042,39127
round_shots,1138,138,91,80,65,52,45,36,5
round_queries,1138,966,2275,6480,16315,41028,108855,264276,335505
round_k,3,12,40,125,394,1209,3670,11067,33550
round_shots,674,104,80,71,61,53,45,37,7
round_queries,674,728,1840,5041,13237,35457,91755,231065,400575
round_k,3,11,35,108,334,1019,3122,9460,28612
round_shots,771,122,107,102,76,61,44,37,4
round_queries,771,854,2461,7242,16796,45079,97548,247789,247556
round_k,3,11,35,110,369,1108,3348,10107,30944
round_shots,823,138,98,84,68,51,42,36,4
round_queries,823,966,2450,6804,18428,44625,111006,286020,290732
round_k,3,12,40,135,437,1321,3972,11954,36341
round_shots,859,71,145,103,81,61,50,43,34,3
round_queries,859,213,1305,3399,8019,19947,49950,131021,312562,248637
round_k,1,4,16,49,163,499,1523,4596,13789,41439
round_shots,943,141,75,92,64,55,44,35,2
round_queries,943,1269,2475,9108,19136,49335,124124,301805,157374
round_k,4,16,49,149,448,1410,4311,12995,39343
round_shots,945,141,85,68,76,56,42,34,1
round_queries,945,1269,2635,6596,22876,58744,141498,350710,94199
round_k,4,15,48,150,524,1684,5157,15591,47099
round_shots,1027,178,96,76,86,51,48,35,4
round_queries,1027,1246,2400,6156,22102,41361,118032,274015,286196
round_k,3,12,40,128,405,1229,3914,11771,35774
round_shots,909,138,134,88,60,52,45,36,4
round_queries,909,966,3350,7128,16740,43940,116325,284436,290964
round_k,3,12,40,139,422,1292,3950,11885,36370
round_shots,545,149,106,80,59,55,43,36,5
round_queries,545,1043,2650,6480,14809,41635,102125,257364,325765
round_k,3,12,40,125,378,1187,3574,10781,32576
round_shots,665,165,96,76,60,68,44,23,4
round_queries,665,1155,2400,6156,14820,50524,113828,181585,284220
round_k,3,12,40,123,371,1293,3947,11842,35527
round_shots,762,169,94,74,45,54,47,37,7
round_queries,762,1183,2162,5550,10305,37098,96867,234765,404509
round_k,3,11,37,114,343,1030,3172,9560,28893
round_shots,794,104,87,80,74,72,49,24,3
round_queries,794,728,2001,5840,16650,49032,118335,174888,203535
round_k,3,11,36,112,340,1207,3643,10930,33922
round_shots,1068,80,80,74,58,52,44,37,5
round_queries,1068,720,2160,6290,15254,41236,105380,269323,338745
round_k,4,13,42,131,396,1197,3639,11154,33874
round_shots,878,133,94,95,59,72,54,37,7
round_queries,878,931,2162,6745,12685,46728,105138,239057,413007
round_k,3,11,35,107,324,973,3230,9747,29500
round_shots,1029,179,92,70,61,50,42,34,2
round_queries,1029,1611,3036,7630,20801,52550,133938,326978,174234
round_k,4,16,54,170,525,1594,4808,14444,43558
round_shots,254,71,121,105,81,65,52,43,35,3
round_queries,254,213,1089,3465,8343,20345,51948,129559,318955,254127
round_k,1,4,16,51,156,499,1506,4556,13882,42354
round_shots,843,154,97,76,60,53,46,37,5
round_queries,843,1078,2425,5700,13500,36093,95634,232767,287925
round_k,3,12,37,112,340,1039,3145,9467,28792
round_shots,814,102,128,100,85,55,46,38,5
round_queries,814,714,2944,7300,18955,39875,100418,249394,299645
round_k,3,11,36,111,362,1091,3281,9983,29964
round_shots,1093,138,122,89,69,51,45,36,4
round_queries,1093,966,3050,7209,16905,40443,108045,260964,263452
round_k,3,12,40,122,396,1200,3624,10915,32931
round_shots,1113,116,102,77,71,53,44,35,3
round_queries,1113,812,2550,6237,18531,45739,116644,280735,218151
round_k,3,12,40,130,431,1325,4010,12085,36358
round_shots,961,122,117,89,61,52,44,36,6
round_queries,961,854,2925,6675,15311,39572,101068,251748,379974
round_k,3,12,37,125,380,1148,3496,10507,31664
round_shots,652,109,110,78,66,64,52,45,37,4
round_queries,652,327,990,2106,5478,15936,40508,105975,261553,258596
round_k,1,4,13,41,124,389,1177,3534,10668,32324
round_shots,829,155,83,76,69,54,45,37,6
round_queries,829,1085,1909,5548,15249,38826,99675,248011,365586
round_k,3,11,36,110,359,1107,3351,10146,30465
round_shots,949,111,104,106,63,53,54,37,2
round_queries,949,999,3224,10070,18207,47859,151794,316091,160290
round_k,4,15,47,144,451,1405,4271,13290,40072
round_shots,921,125,124,69,63,53,37,36,6
round_queries,921,875,3100,5589,15435,40015,84027,245268,368814
round_k,3,12,40,122,377,1135,3406,10233,30734
round_shots,762,162,77,71,62,32,46,37,7
round_queries,762,1134,1925,5325,14446,22752,98118,241647,418859
round_k,3,12,37,116,355,1066,3265,9890,29918
round_shots,712,131,77,80,67,54,44,37,6
round_queries,712,917,1925,6000,16549,40230,100100,252673,369486
round_k,3,12,37,123,372,1137,3414,10259,30790
round_shots,789,71,105,107,80,67,53,40,36,3
round_queries,789,213,945,3317,7760,19497,46269,108760,295092,227001
round_k,1,4,15,48,145,436,1359,4098,12468,37833
round_shots,1087,119,87,85,58,52,45,37,6
round_queries,1087,833,2175,6375,14442,38844,101025,251193,377550
round_k,3,12,37,124,373,1122,3394,10284,31462
round_shots,947,147,99,92,64,52,44,37,4
round_queries,947,1029,2475,7452,15552,39364,100628,255337,250220
round_k,3,12,40,121,378,1143,3450,10423,31277
round_shots,1004,151,88,73,64,52,43,37,6
round_queries,1004,1057,2200,5475,14784,37596,94127,243941,366582
round_k,3,12,37,115,361,1094,3296,10034,30548
round_shots,875,152,107,85,65,54,44,36,4
round_queries,875,1064,2675,6545,16575,41310,103356,254916,257732
round_k,3,12,38,127,382,1174,3540,10636,32216
round_shots,543,147,87,70,72,53,45,37,7
round_queries,543,1029,2001,4830,15192,36517,94275,233507,400561
round_k,3,11,34,105,344,1047,3155,9530,28611
round_shots,612,165,85,72,62,53,45,37,7
round_queries,612,1155,2125,5400,14322,37683,96975,242979,425775
round_k,3,12,37,115,355,1077,3283,9936,30412
round_shots,727,129,159,95,69,65,54,41,34,3
round_queries,727,387,1431,3135,7245,20475,54486,130503,326434,260727
round_k,1,4,16,52,157,504,1591,4800,14458,43454
round_shots,523,137,82,66,65,53,44,36,5
round_queries,523,959,2214,5478,16185,41181,104676,258588,329445
round_k,3,13,41,124,388,1189,3591,10868,32944
round_shots,632,109,143,85,77,65,51,42,34,2
round_queries,632,327,1287,2805,8085,20735,52479,130998,320722,175350
round_k,1,4,16,52,159,514,1559,4716,14275,43837
round_shots,1015,126,111,68,65,52,43,34,3
round_queries,1015,1134,3663,6732,19825,50388,127409,309706,251301
round_k,4,16,49,152,484,1481,4554,13715,41883
round_shots,1016,139,135,71,88,63,48,38,5
round_queries,1016,973,3105,5183,19624,42147,96720,240730,289535
round_k,3,11,36,111,334,1007,3167,9589,28953
round_shots,1041,126,85,75,64,48,41,34,1
round_queries,1041,1134,2805,8025,22080,53040,135915,338742,90881
round_k,4,16,53,172,552,1657,4981,14969,45440
round_shots,1067,149,86,77,62,54,44,36,5
round_queries,1067,1043,2150,6237,16182,43470,106436,264492,337945
round_k,3,12,40,130,402,1209,3673,11102,33794
round_shots,600,166,117,75,64,53,42,37,6
round_queries,600,1162,2925,5625,14784,38531,92778,250379,374346
round_k,3,12,37,115,363,1104,3383,10280,31195
round_shots,912,122,85,71,68,54,45,37,4
round_queries,912,854,2125,5325,15300,38934,99675,246605,243404
round_k,3,12,37,112,360,1107,3332,9999,30425
round_shots,849,143,126,78,66,54,45,37,7
round_queries,849,1001,2898,5694,14718,37530,94545,233359,403305
round_k,3,11,36,111,347,1050,3153,9517,28807
round_shots,560,154,126,73,60,54,45,37,7
round_queries,560,1078,3150,5475,13860,37530,93825,232323,402983
round_k,3,12,37,115,347,1042,3139,9506,28784
round_shots,644,51,153,85,89,58,52,42,35,2
round_queries,644,153,1377,2805,9345,19198,51948,129318,325115,173686
round_k,1,4,16,52,165,499,1539,4644,14182,43421
round_shots,814,187,102,70,64,53,45,37,7
round_queries,814,1309,2550,5250,14528,37683,96885,240315,412797
round_k,3,12,37,113,355,1076,3247,9821,29485
round_shots,584,140,98,75,64,54,45,36,5
round_queries,584,980,2450,6375,16960,43902,112095,271476,343565
round_k,3,12,42,132,406,1245,3770,11313,34356
round_shots,677,116,74,71,58,54,45,37,7
round_queries,677,812,1850,5325,13398,37422,94005,234099,405027
round_k,3,12,37,115,346,1044,3163,9563,28930
round_shots,1067,158,120,78,67,52,44,36,5
round_queries,1067,1106,3000,6318,16415,41236,105732,262836,333615
round_k,3,12,40,122,396,1201,3650,11062,33361
round_shots,715,138,119,69,79,52,45,36,6
round_queries,715,966,2737,5037,17301,39572,102735,252756,382038
round_k,3,11,36,109,380,1141,3510,10548,31836
round_shots,1138,143,130,91,68,52,45,37,7
round_queries,1138,1001,2990,6643,14892,36140,93825,233211,402647
round_k,3,11,36,109,347,1042,3151,9504,28760
round_shots,701,176,122,94,64,52,44,36,3
round_queries,701,1232,3050,7050,16832,43316,112332,277380,212211
round_k,3,12,37,131,416,1276,3852,11684,35368
round_shots,776,128,110,68,66,56,45,37,4
round_queries,776,896,2530,4964,14454,39144,99045,244977,242764
round_k,3,11,36,109,349,1100,3310,10029,30345
round_shots,737,51,178,109,75,59,51,43,35,3
round_queries,737,153,1602,3597,7425,18939,49827,127581,313425,246075
round_k,1,4,16,49,160,488,1483,4477,13460,41012
round_shots,857,79,178,112,68,84,54,44,36,3
round_queries,857,237,1602,3472,6460,24444,47250,116468,288684,221805
round_k,1,4,15,47,145,437,1323,4009,12130,36967
round_shots,955,162,87,87,58,54,45,37,5
round_queries,955,1134,2175,6525,14906,41634,105975,264291,329385
round_k,3,12,37,128,385,1177,3571,10882,32938
round_shots,1068,137,83,75,61,49,42,35,2
round_queries,1068,1233,2739,7425,19337,48167,124110,311465,163394
round_k,4,16,49,158,491,1477,4449,13418,40848
round_shots,1087,116,74,71,68,53,45,38,6
round_queries,1087,812,1850,5325,15300,38107,98505,251826,367134
round_k,3,12,37,112,359,1094,3313,10165,30594
round_shots,665,173,118,77,75,55,43,36,3
round_queries,665,1211,2950,6237,18675,46035,113133,287316,218205
round_k,3,12,40,124,418,1315,3990,12085,36367
round_shots,550,127,102,73,66,51,44,37,4
round_queries,550,889,2550,5913,16170,40137,104764,266733,263340
round_k,3,12,40,122,393,1190,3604,10936,32917
round_shots,776,62,121,72,96,59,31,43,35,3
round_queries,776,186,1089,2376,9504,17641,27993,116487,287245,223257
round_k,1,4,16,49,149,451,1354,4103,12314,37209
round_shots,414,79,130,78,68,64,52,43,36,3
round_queries,414,237,1170,2574,6732,19392,49556,122937,309564,237915
round_k,1,4,16,49,151,476,1429,4299,13075,39652
round_shots,718,138,96,71,72,66,48,36,6
round_queries,718,966,2208,5183,16200,44550,109008,257796,389010
round_k,3,11,36,112,337,1135,3580,10745,32417
round_shots,946,125,80,68,67,51,43,35,4
round_queries,946,1125,2640,6732,20301,46665,119669,295015,307836
round_k,4,16,49,151,457,1391,4214,12726,38479
round_shots,892,183,109,69,61,51,45,37,7
round_queries,892,1281,2507,5175,13969,35547,94635,234617,406833
round_k,3,11,37,114,348,1051,3170,9595,29059
round_shots,339,71,125,106,71,59,51,42,36,3
round_queries,339,213,1125,3498,7029,17995,46767,115626,299772,228987
round_k,1,4,16,49,152,458,1376,4163,12705,38164
round_shots,826,51,121,94,71,58,50,41,35,2
round_queries,826,153,1089,3102,7739,20010,53150,132307,340585,179698
round_k,1,4,16,54,172,531,1613,4865,14792,44924
round_shots,624,136,120,90,66,53,44,37,3
round_queries,624,952,3000,6750,17358,44467,113212,287379,215067
round_k,3,12,37,131,419,1286,3883,11901,35844
round_shots,733,146,105,93,62,56,44,36,3
round_queries,733,1022,2625,7347,16182,43960,109516,272772,210783
round_k,3,12,39,130,392,1244,3788,11486,35130
round_shots,863,116,84,75,60,53,46,37,6
round_queries,863,812,2100,5775,14220,38425,101154,249713,369522
round_k,3,12,38,118,362,1099,3374,10240,30793
round_shots,805,181,74,102,66,51,43,36,5
round_queries,805,1267,1850,7650,18282,42483,108231,273852,348985
round_k,3,12,37,138,416,1258,3803,11453,34898
round_shots,744,102,126,83,72,58,51,44,35,2
round_queries,744,306,1134,2739,7128,17574,46563,122452,296975,153678
round_k,1,4,16,49,151,456,1391,4242,12744,38419
round_shots,534,144,107,69,65,52,44,37,4
round_queries,534,1008,2675,5589,16055,38636,98164,250601,250988
round_k,3,12,40,123,371,1115,3386,10269,31373
round_shots,612,125,102,86,92,69,52,37,3
round_queries,612,875,2550,6966,22724,53751,140868,302697,224091
round_k,3,12,40,123,389,1354,4090,12277,37348
round_shots,810,102,123,110,70,58,50,42,34,2
round_queries,810,306,1107,3630,8190,20474,53750,136626,337858,180538
round_k,1,4,16,58,176,537,1626,4968,14951,45134
round_shots,1018,149,86,72,70,52,44,36,5
round_queries,1018,1043,2150,5832,17010,41548,106084,262404,330075
round_k,3,12,40,121,399,1205,3644,10957,33007
round_shots,964,109,128,76,60,55,44,37,7
round_queries,964,763,2944,5548,13740,37785,94028,237281,411033
round_k,3,11,36,114,343,1068,3206,9703,29359
round_shots,917,128,81,80,62,53,44,36,5
round_queries,917,1152,2187,6800,16182,42135,105732,263628,334995
round_k,4,13,42,130,397,1201,3661,11025,33499
round_shots,759,62,134,95,75,59,55,44,36,4
round_queries,759,186,1206,2565,6375,15045,42405,103444,256572,258836
round_k,1,4,13,42,127,385,1175,3563,10716,32354
round_shots,671,116,101,74,65,54,44,36,3
round_queries,671,812,2525,5994,16835,44226,111892,278676,213129
round_k,3,12,40,129,409,1271,3870,11644,35521
round_shots,973,111,90,97,59,53,44,36,3
round_queries,973,777,2070,7275,15517,42347,107052,263412,201867
round_k,3,11,37,131,399,1216,3658,11082,33644
round_shots,688,134,102,68,61,54,46,37,5
round_queries,688,938,2346,4964,13481,36018,94254,229289,287195
round_k,3,11,36,110,333,1024,3098,9455,28719
round_shots,700,71,174,112,72,57,51,43,34,1
round_queries,700,213,1566,3696,8424,21147,56967,146243,352410,94211
round_k,1,4,16,58,185,558,1700,5182,15593,47105
round_shots,1039,121,101,68,65,52,44,34,2
round_queries,1039,1089,3333,7140,20865,52468,137588,323714,176114
round_k,4,16,52,160,504,1563,4760,14401,44028
round_shots,967,177,88,78,56,50,42,34,2
round_queries,967,1593,2904,8346,19880,53650,135534,330242,175770
round_k,4,16,53,177,536,1613,4856,14576,43942
round_shots,901,172,113,71,67,50,42,36,4
round_queries,901,1548,3503,6887,20167,45350,115290,298260,304540
round_k,4,15,48,150,453,1372,4142,12576,38067
round_shots,636,160,74,73,68,54,45,38,7
round_queries,636,1120,1850,5475,15844,38070,96705,246582,415359
round_k,3,12,37,116,352,1074,3244,9867,29668
round_shots,1084,142,121,89,68,50,45,36,3
round_queries,1084,994,2783,6675,17204,40750,110205,272052,208773
round_k,3,11,37,126,407,1224,3778,11475,34795
round_shots,1090,117,84,103,85,54,48,37,5
round_queries,1090,819,1932,7313,18275,37422,100560,232619,284765
round_k,3,11,35,107,346,1047,3143,9458,28476
round_shots,709,71,172,78,70,62,52,44,35,2
round_queries,709,213,1548,2574,6930,18662,49036,126500,307615,161542
round_k,1,4,16,49,150,471,1437,4394,13218,40385
round_shots,788,146,91,88,66,53,42,37,5
round_queries,788,1022,2275,6600,16962,42665,102270,276131,347565
round_k,3,12,37,128,402,1217,3731,11408,34756
round_shots,1068,170,95,96,61,60,50,35,3
round_queries,1068,1530,2945,9120,17507,51900,131850,300965,235245
round_k,4,15,47,143,432,1318,4299,12966,39207
round_shots,814,109,146,94,78,62,51,43,35,2
round_queries,814,327,1314,2914,7722,19902,49317,125345,306355,159398
round_k,1,4,15,49,160,483,1457,4376,13188,39849
round_shots,747,71,111,89,75,60,52,43,35,4
round_queries,747,213,999,2759,7425,17820,47268,118551,290255,300700
round_k,1,4,15,49,148,454,1378,4146,12468,37587
round_shots,624,164,96,87,62,56,44,36,5
round_queries,624,1148,2208,6351,15190,42504,103708,255564,322555
round_k,3,11,36,122,379,1178,3549,10713,32255
round_shots,880,170,80,66,63,53,44,36,5
round_queries,880,1530,2160,5610,16065,42029,105556,263412,331865
round_k,4,13,42,127,396,1199,3658,10991,33186
round_shots,739,152,111,76,67,52,44,36,3
round_queries,739,1064,2775,6460,17487,42692,109340,270108,205329
round_k,3,12,42,130,410,1242,3751,11279,34221
round_shots,828,135,130,103,70,63,51,43,35,4
round_queries,828,405,1170,3193,6930,19089,46563,119411,294385,306580
round_k,1,4,15,49,151,456,1388,4205,12660,38322
round_shots,715,116,114,90,59,53,43,36,5
round_queries,715,812,2850,6750,15517,42453,104447,262620,331375
round_k,3,12,37,131,400,1214,3647,10948,33137
round_shots,814,149,108,93,59,52,44,36,5
round_queries,814,1043,2700,6975,15635,41860,106436,265788,339345
round_k,3,12,37,132,402,1209,3691,11195,33934
round_shots,523,120,86,108,67,56,44,36,5
round_queries,523,840,2150,8748,16683,44744,111188,276732,353615
round_k,3,12,40,124,399,1263,3843,11639,35361
round_shots,1036,112,80,84,58,58,44,38,8
round_queries,1036,784,1840,5964,12470,37410,89452,231990,450040
round_k,3,11,35,107,322,1016,3052,9271,28127
round_shots,536,119,112,69,88,84,50,37,4
round_queries,536,833,2800,5451,21032,61236,111750,250823,266972
round_k,3,12,39,119,364,1117,3389,10282,33371
round_shots,803,144,138,104,65,58,43,36,4
round_queries,803,1008,3450,8424,16185,45878,109951,278244,286636
round_k,3,12,40,124,395,1278,3864,11710,35829
round_shots,266,102,183,113,91,69,56,43,35,3
round_queries,266,306,1647,3503,8827,20493,50232,122937,306355,241413
round_k,1,4,15,48,148,448,1429,4376,13181,40235
round_shots,915,161,93,71,68,54,45,37,6
round_queries,915,1127,2325,5325,15708,40122,102735,255411,379362
round_k,3,12,37,115,371,1141,3451,10467,31613
round_shots,772,79,145,105,87,61,52,42,36,6
round_queries,772,237,1305,2835,7221,15555,40092,98574,256140,385278
round_k,1,4,13,41,127,385,1173,3557,10672,32106
round_shots,935,165,105,71,65,52,44,37,7
round_queries,935,1155,2625,5325,15145,37284,94732,240463,413805
round_k,3,12,37,116,358,1076,3249,9779,29557
round_shots,609,116,86,90,64,52,43,35,3
round_queries,609,812,2150,7290,17856,46020,116229,284795,221865
round_k,3,12,40,139,442,1351,4068,12231,36977
round_shots,714,109,85,98,75,62,52,44,36,4
round_queries,714,327,765,2646,6525,17174,44252,114796,282132,285084
round_k,1,4,13,43,138,425,1304,3918,11874,35635
round_shots,587,71,188,62,73,58,50,44,37,6
round_queries,587,213,1692,1674,5913,14210,36750,97020,245347,366198
round_k,1,4,13,40,122,367,1102,3315,10078,30516
round_shots,759,138,96,84,62,52,45,37,6
round_queries,759,966,2400,6300,15066,38948,101655,255263,378846
round_k,3,12,37,121,374,1129,3449,10484,31570
round_shots,523,110,86,95,63,65,46,38,5
round_queries,523,770,1978,6935,14175,45435,106950,271358,333955
round_k,3,11,36,112,349,1162,3570,10986,33395
round_shots,884,160,81,71,71,61,46,37,4
round_queries,884,1120,1863,5041,15407,43249,105570,262737,259628
round_k,3,11,35,108,354,1147,3550,10771,32453
round_shots,984,109,88,68,75,53,44,37,6
round_queries,984,763,2024,4964,16425,38955,99220,251045,369954
round_k,3,11,36,109,367,1127,3392,10226,30829
round_shots,743,62,152,86,64,60,51,44,36,4
round_queries,743,186,1368,2838,6336,17820,45543,118492,295812,302468
round_k,1,4,16,49,148,446,1346,4108,12546,37808
round_shots,583,116,109,68,73,53,44,37,5
round_queries,583,812,2725,5508,17739,42665,106524,268805,333345
round_k,3,12,40,121,402,1210,3632,11025,33334
round_shots,1073,132,104,83,62,54,43,36,3
round_queries,1073,924,2600,7055,17174,45090,109091,275364,212757
round_k,3,12,42,138,417,1268,3824,11613,35459
round_shots,721,126,138,81,61,56,44,37,5
round_queries,721,882,3450,6075,13847,38360,94116,237873,293025
round_k,3,12,37,113,342,1069,3214,9759,29302
round_shots,654,118,81,50,78,57,56,38,7
round_queries,654,826,1863,3450,16146,35625,107912,247190,410669
round_k,3,11,34,103,312,963,3252,9774,29333
round_shots,532,152,117,80,60,55,44,37,4
round_queries,532,1064,2691,5840,14340,39765,97548,247567,244812
round_k,3,11,36,119,361,1108,3345,10166,30601
round_shots,826,130,127,69,84,58,44,37,7
round_queries,826,910,3175,5451,20076,42166,96140,242905,424473
round_k,3,12,39,119,363,1092,3282,9954,30319
round_shots,618,116,107,88,65,57,48,36,5
round_queries,618,812,2675,6952,15665,41667,110640,263916,331635
round_k,3,12,39,120,365,1152,3665,11000,33163
round_shots,834,153,77,76,62,53,44,37,6
round_queries,834,1071,1925,5700,14694,38849,97372,246605,368514
round_k,3,12,37,118,366,1106,3332,10135,30709
round_shots,1047,179,128,88,74,54,46,35,2
round_queries,1047,1611,4224,9064,23014,51462,131606,314055,164426
round_k,4,16,51,155,476,1430,4486,13538,41106
round_shots,568,134,100,97,58,53,45,37,4
round_queries,568,938,2300,6887,14558,40015,103275,260665,256428
round_k,3,11,35,125,377,1147,3522,10652,32053
round_shots,1048,121,86,76,64,49,43,35,2
round_queries,1048,1089,2838,7524,20160,48657,128269,316225,166422
round_k,4,16,49,157,496,1491,4517,13664,41605
round_shots,612,168,98,95,60,52,44,37,4
round_queries,612,1176,2450,7695,14940,39364,101156,256669,252132
round_k,3,12,40,124,378,1149,3468,10469,31516
round_shots,569,116,109,69,69,54,44,36,3
round_queries,569,812,2725,5589,16767,42822,108020,268092,206127
round_k,3,12,40,121,396,1227,3723,11250,34354
round_shots,648,103,110,83,79,67,49,37,4
round_queries,648,721,2530,5893,16985,47503,118139,286935,287260
round_k,3,11,35,107,354,1205,3877,11958,35907
round_shots,526,139,83,72,64,55,45,37,5
round_queries,526,973,1909,5256,14144,38225,96075,238391,294655
round_k,3,11,36,110,347,1067,3221,9733,29465
round_shots,998,120,99,73,65,52,44,37,4
round_queries,998,840,2475,5475,15275,38324,97900,247123,247308
round_k,3,12,37,117,368,1112,3339,10147,30913
round_shots,595,102,122,95,82,62,51,43,35,2
round_queries,595,306,1098,3135,8118,18538,47481,120615,297885,154666
round_k,1,4,16,49,149,465,1402,4255,12767,38666
round_shots,668,165,115,66,77,63,46,36,4
round_queries,668,1155,2875,5214,18403,48195,106306,255996,260612
round_k,3,12,39,119,382,1155,3555,10670,32576
round_shots,914,132,80,69,63,52,43,35,4
round_queries,914,1188,2640,6831,18837,46644,117777,288715,298372
round_k,4,16,49,149,448,1369,4124,12392,37296
round_shots,655,62,172,90,66,56,52,43,36,3
round_queries,655,186,1548,2790,6402,16408,45708,115369,292068,222453
round_k,1,4,15,48,146,439,1341,4056,12257,37075
round_shots,750,104,83,77,69,58,45,36,4
round_queries,750,728,1909,5621,15525,42514,105615,260172,264636
round_k,3,11,36,112,366,1173,3613,10889,33079
round_shots,846,100,120,115,63,52,47,38,7
round_queries,846,700,2760,8395,13797,35308,95739,237690,403809
round_k,3,11,36,109,339,1018,3127,9561,28843
round_shots,624,168,96,90,58,73,49,38,4
round_queries,624,1176,2400,7110,13862,52341,106085,262618,249284
round_k,3,12,39,119,358,1082,3455,10379,31160
round_shots,290,79,154,95,64,84,51,46,36,3
round_queries,290,237,1386,2945,6080,23940,43911,120658,296964,225081
round_k,1,4,15,47,142,430,1311,4124,12489,37513
round_shots,1041,119,99,96,61,54,45,37,6
round_queries,1041,833,2475,7200,13969,37962,95715,240759,358494
round_k,3,12,37,114,351,1063,3253,9783,29874
round_shots,627,149,88,69,66,52,45,37,7
round_queries,627,1043,2200,5175,14850,36972,96525,241795,421197
round_k,3,12,37,112,355,1072,3267,9917,30085
round_shots,715,149,97,85,61,53,45,37,4
round_queries,715,1043,2425,6375,15189,39697,103635,259037,255532
round_k,3,12,37,124,374,1151,3500,10564,31941
round_shots,921,159,84,73,60,60,44,37,5
round_queries,921,1113,1932,5183,13020,39180,92356,233063,288135
round_k,3,11,35,108,326,1049,3149,9544,28813
round_shots,773,113,99,116,69,59,45,37,7
round_queries,773,791,2277,8468,15525,39943,97155,240907,419419
round_k,3,11,36,112,338,1079,3255,9891,29958
round_shots,580,130,84,66,62,54,45,35,4
round_queries,580,910,2100,5214,14694,39258,100395,237055,245692
round_k,3,12,39,118,363,1115,3386,10210,30711
round_shots,294,71,124,97,75,61,51,43,35,2
round_queries,294,213,1116,3201,7875,19337,50337,130591,319725,169590
round_k,1,4,16,52,158,493,1518,4567,13886,42397
round_shots,527,124,91,80,69,54,45,37,6
round_queries,527,868,1911,5520,15525,38610,99225,249047,372810
round_k,3,10,34,112,357,1102,3365,10139,31067
round_shots,1038,100,123,81,69,55,47,38,7
round_queries,1038,700,2829,5913,15525,37125,97901,250610,425173
round_k,3,11,36,112,337,1041,3297,10093,30369
round_shots,1084,162,93,66,61,54,45,37,7
round_queries,1084,1134,2325,5082,14213,37962,96525,239723,416381
round_k,3,12,38,116,351,1072,3239,9823,29741
round_shots,660,112,102,71,61,54,45,38,8
round_queries,660,784,2346,5041,12993,34938,88875,225530,435160
round_k,3,11,35,106,323,987,2967,9006,27197
round_shots,727,62,162,74,77,59,52,42,35,3
round_queries,727,186,1458,2442,7623,18703,50700,125874,316365,247509
round_k,1,4,16,49,158,487,1498,4519,13719,41251
round_shots,630,130,124,92,72,53,45,37,6
round_queries,630,910,2852,6532,15768,38319,98955,246235,361206
round_k,3,11,35,109,361,1099,3327,10030,30100
round_shots,593,109,130,91,82,60,52,43,34,3
round_queries,593,327,1170,3003,8118,19740,51532,130247,312086,248469
round_k,1,4,16,49,164,495,1514,4589,13781,41411
round_shots,797,116,128,82,63,50,45,37,4
round_queries,797,812,3200,6150,15183,37450,101115,254893,254180
round_k,3,12,37,120,374,1123,3444,10494,31772
round_shots,696,87,149,75,75,57,52,42,35,2
round_queries,696,261,1341,2475,7575,18525,51012,124782,312655,164214
round_k,1,4,16,50,162,490,1485,4466,13479,41053
round_shots,523,162,109,84,80,56,57,38,3
round_queries,523,1134,2725,6804,20560,43400,133665,269306,204447
round_k,3,12,40,128,387,1172,3543,10885,34074
round_shots,879,107,103,81,61,53,43,36,3
round_queries,879,963,2781,6885,17019,44467,109005,273852,211305
round_k,4,13,42,139,419,1267,3803,11562,35217
round_shots,1024,156,91,77,70,55,45,37,4
round_queries,1024,1092,2275,5775,16030,40975,104175,259925,256180
round_k,3,12,37,114,372,1157,3512,10585,32022
round_shots,1098,136,102,66,58,52,45,37,6
round_queries,1098,952,2550,5346,14094,38116,100215,251711,376062
round_k,3,12,40,121,366,1113,3401,10312,31338
round_shots,884,102,113,72,64,53,45,38,7
round_queries,884,714,2599,5400,14784,37895,98235,250306,423997
round_k,3,11,37,115,357,1091,3293,9924,30285
round_shots,1096,149,85,78,90,55,48,36,7
round_queries,1096,1043,2125,6162,21690,40535,106896,241452,423927
round_k,3,12,39,120,368,1113,3353,10064,30280
round_shots,523,122,86,103,65,54,45,37,5
round_queries,523,854,2150,8343,15795,41202,105615,263477,323175
round_k,3,12,40,121,381,1173,3560,10732,32317
round_shots,907,116,117,78,61,53,42,35,4
round_queries,907,1044,3627,7566,17751,47223,115626,291095,304132
round_k,4,15,48,145,445,1376,4158,12569,38016
round_shots,680,116,128,95,65,50,44,36,6
round_queries,680,812,3200,7695,15925,38750,102300,251460,380250
round_k,3,12,40,122,387,1162,3492,10477,31687
round_shots,586,121,124,77,61,55,46,37,8
round_queries,586,847,2852,5467,13115,36135,94162,231657,457256
round_k,3,11,35,107,328,1023,3130,9441,28578
round_shots,639,138,128,86,69,53,45,37,6
round_queries,639,966,3200,6450,17457,40333,103365,258149,381750
round_k,3,12,37,126,380,1148,3488,10577,31812
round_shots,431,102,128,89,80,79,55,41,25
round_queries,431,306,1152,2937,8400,25359,62755,150429,834725
round_k,1,4,16,52,160,570,1834,5535,16694
round_shots,876,175,92,84,59,52,42,35,2
round_queries,876,1575,2852,8148,19175,50700,126126,315455,165738
round_k,4,15,48,162,487,1501,4506,13614,41434
round_shots,875,116,129,77,61,54,45,37,6
round_queries,875,812,3225,5775,14091,38070,98415,245865,367170
round_k,3,12,37,115,352,1093,3322,10042,30597
round_shots,1107,120,83,99,60,61,45,37,6
round_queries,1107,840,1909,7227,13500,41297,98775,248899,374646
round_k,3,11,36,112,338,1097,3363,10204,31220
round_shots,668,136,90,83,65,55,45,36,4
round_queries,668,952,2250,6723,16185,43615,107055,261540,263892
round_k,3,12,40,124,396,1189,3632,10932,32986
round_shots,417,94,123,108,70,61,52,43,35,3
round_queries,417,282,1107,3564,6930,18849,48204,121991,302855,237375
round_k,1,4,16,49,154,463,1418,4326,13023,39562
round_shots,741,116,86,80,61,52,45,37,4
round_queries,741,812,2150,6480,14823,38220,100125,249713,245612
round_k,3,12,40,121,367,1112,3374,10194,30701
round_shots,805,134,92,78,63,54,37,37,7
round_queries,805,938,2300,6006,14805,38934,80549,241647,420609
round_k,3,12,38,117,360,1088,3265,9900,30043
round_shots,886,120,118,66,67,53,44,37,5
round_queries,886,840,2950,5346,16281,41181,103884,263921,330145
round_k,3,12,40,121,388,1180,3566,10886,33014
round_shots,712,174,128,89,63,55,45,38,8
round_queries,712,1218,2944,6497,13923,36575,89865,228038,450824
round_k,3,11,36,110,332,998,3000,9158,28176
round_shots,909,147,113,93,62,60,47,37,7
round_queries,909,1029,2599,6603,13826,40620,95833,233877,405139
round_k,3,11,35,111,338,1019,3160,9542,28938
round_shots,721,101,100,72,64,53,46,25,5
round_queries,721,707,2300,5256,14400,37153,97842,162175,296505
round_k,3,11,36,112,350,1063,3243,9883,29650
round_shots,932,138,101,66,66,50,43,35,2
round_queries,932,1242,3333,6930,20922,50750,132397,325465,170894
round_k,4,16,52,158,507,1539,4649,14189,42723
round_shots,872,106,99,68,63,54,44,38,8
round_queries,872,742,2277,4964,13923,35802,88748,231154,451464
round_k,3,11,36,110,331,1008,3041,9328,28216
round_shots,909,141,90,79,66,51,45,38,5
round_queries,909,987,2250,6399,16302,39729,106155,271206,329665
round_k,3,12,40,123,389,1179,3568,10833,32966
round_shots,1024,122,117,94,75,53,46,38,8
round_queries,1024,854,2691,6674,16125,34821,92230,233206,447848
round_k,3,11,35,107,328,1002,3068,9283,27990
round_shots,1010,116,94,74,65,55,45,36,5
round_queries,1010,812,2350,5550,14885,38005,97065,234900,295315
round_k,3,12,37,114,345,1078,3262,9832,29531
round_shots,907,164,88,73,60,52,43,35,3
round_queries,907,1476,2904,7373,19140,51116,126893,312865,246717
round_k,4,16,50,159,491,1475,4469,13499,41119
round_shots,441,62,157,77,101,66,67,44,35,4
round_queries,441,186,1413,2387,9595,18942,58893,116204,283885,292964
round_k,1,4,15,47,143,439,1320,4055,12199,36620
round_shots,971,150,101,67,64,52,42,34,2
round_queries,971,1350,3333,7035,20416,52676,130494,318002,168690
round_k,4,16,52,159,506,1553,4676,14029,42172
round_shots,776,100,91,69,63,53,46,38,8
round_queries,776,700,2093,5037,13797,34821,91034,230090,446488
round_k,3,11,36,109,328,989,3027,9209,27905
round_shots,574,181,135,95,62,53,46,37,7
round_queries,574,1267,3375,7125,14322,37259,98302,243719,426825
round_k,3,12,37,115,351,1068,3293,10000,30487
round_shots,816,71,121,112,71,56,52,42,35,4
round_queries,816,213,1089,3696,7029,16856,46956,113862,285495,297980
round_k,1,4,16,49,150,451,1355,4078,12247,37247
round_shots,666,87,125,119,71,60,50,42,35,2
round_queries,666,261,1125,3927,7455,19500,50350,127134,322455,168530
round_k,1,4,16,52,162,503,1513,4606,13993,42132
round_shots,1012,133,70,69,58,51,43,36,3
round_queries,1012,1197,2170,6417,16182,42687,108317,273924,208431
round_k,4,15,46,139,418,1259,3804,11484,34738
round_shots,791,136,135,58,76,55,45,36,5
round_queries,791,952,3105,4350,17100,41855,106335,261468,329545
round_k,3,11,37,112,380,1181,3631,10931,32954
round_shots,683,166,86,76,67,54,44,36,3
round_queries,683,1162,2150,6156,16951,43686,109604,270036,206409
round_k,3,12,40,126,404,1245,3750,11342,34401
round_shots,1061,156,92,77,83,58,46,38,7
round_queries,1061,1092,2116,5467,17845,37526,89470,226442,405643
round_k,3,11,35,107,323,972,2979,9008,28974
round_shots,886,126,88,75,62,52,44,37,7
round_queries,886,882,2200,5625,14570,37700,96052,243201,421281
round_k,3,12,37,117,362,1091,3286,9896,30091
round_shots,998,127,79,77,66,50,43,35,4
round_queries,998,1143,2449,7469,19338,43950,113391,279195,289140
round_k,4,15,48,146,439,1318,3988,12031,36142
round_shots,605,127,102,77,62,51,46,37,7
round_queries,605,889,2550,5775,14198,35649,96738,234469,404313
round_k,3,12,37,114,349,1051,3168,9557,28879
round_shots,603,119,77,75,62,52,44,37,7
round_queries,603,833,1925,5625,14694,37388,95084,242091,421743
round_k,3,12,37,118,359,1080,3271,9893,30124
round_shots,1047,162,74,79,62,51,44,37,6
round_queries,1047,1134,1850,5925,15066,37995,98428,248751,370602
round_k,3,12,37,121,372,1118,3361,10154,30883
round_shots,541,145,113,77,63,53,44,37,5
round_queries,541,1015,2825,6545,16191,40863,103796,262885,323915
round_k,3,12,42,128,385,1179,3552,10700,32391
round_shots,611,94,157,82,79,63,50,41,35,3
round_queries,611,282,1413,2542,7663,19971,50250,125501,322105,251811
round_k,1,4,15,48,158,502,1530,4601,13973,41968
round_shots,1055,159,92,76,63,54,36,35,3
round_queries,1055,1431,3036,7524,18963,50706,104868,309295,242463
round_k,4,16,49,150,469,1456,4418,13260,40410
round_shots,618,60,118,78,67,57,47,40,16
round_queries,618,300,1770,3822,10385,27417,69795,178360,646992
round_k,2,7,24,77,240,742,2229,6696,20218
round_shots,559,116,81,69,71,55,44,38,7
round_queries,559,812,1863,4899,15549,36135,90068,235258,401275
round_k,3,11,35,109,328,1023,3095,9442,28662
round_shots,1104,146,118,76,65,51,45,36,3
round_queries,1104,1022,2950,6156,16575,41055,109845,266148,202041
round_k,3,12,40,127,402,1220,3696,11148,33673
round_shots,1038,119,77,79,66,53,28,38,6
round_queries,1038,833,1925,5925,15246,38955,62412,254106,370218
round_k,3,12,37,115,367,1114,3343,10280,30851
round_shots,779,122,100,93,68,53,43,35,3
round_queries,779,854,2500,7533,19380,49449,124141,305375,242205
round_k,3,12,40,142,466,1443,4362,13232,40367
round_shots,677,164,91,85,69,55,43,37,5
round_queries,677,1148,2093,6205,15111,36245,88451,228697,280755
round_k,3,11,36,109,329,1028,3090,9297,28075
round_shots,568,146,122,91,59,62,54,44,5
round_queries,568,1022,3050,7189,14101,44702,120042,303116,327355
round_k,3,12,39,119,360,1111,3444,10480,32735
round_shots,955,148,125,96,64,55,43,37,6
round_queries,955,1036,3125,7200,14656,39215,93869,248085,369546
round_k,3,12,37,114,356,1091,3352,10077,30795
round_shots,713,115,126,87,70,56,54,42,35,2
round_queries,713,345,1134,2871,7350,17752,51462,125202,314615,164842
round_k,1,4,16,52,158,476,1490,4494,13630,41210
round_shots,875,121,102,69,58,51,43,34,2
round_queries,875,1089,3366,7383,18966,50745,130935,312086,168750
round_k,4,16,53,163,497,1522,4589,13797,42187
round_shots,577,116,123,77,68,52,44,37,7
round_queries,577,812,3075,5775,15300,37492,95172,241869,418061
round_k,3,12,37,112,360,1081,3268,9842,29861
round_shots,621,109,128,78,78,64,52,44,35,2
round_queries,621,327,1152,2574,7722,19008,48724,125532,305445,160830
round_k,1,4,16,49,148,468,1426,4363,13179,40207
round_shots,885,134,128,64,56,50,43,35,3
round_queries,885,1206,4224,6592,17304,46350,121131,300125,234159
round_k,4,16,51,154,463,1408,4287,12885,39026
round_shots,863,127,114,84,62,53,45,37,5
round_queries,863,889,2850,6300,15562,41075,105345,262811,328565
round_k,3,12,37,125,387,1170,3551,10855,32856
round_shots,642,94,122,98,78,58,47,41,34,1
round_queries,642,282,1098,3234,8502,20822,51747,139523,347174,93107
round_k,1,4,16,54,179,550,1701,5105,15407,46553
round_shots,523,164,115,85,65,55,45,37,6
round_queries,523,1148,2645,6035,15275,40975,103005,256817,379842
round_k,3,11,35,117,372,1144,3470,10536,31653
round_shots,810,87,131,101,77,56,50,43,36,4
round_queries,810,261,1179,2727,7007,16744,44850,116401,293364,298348
round_k,1,4,13,45,149,448,1353,4074,12404,37293
round_shots,886,119,90,82,66,53,44,37,6
round_queries,886,833,2250,6150,15906,38531,97460,246679,368526
round_k,3,12,37,120,363,1107,3333,10235,30710
round_shots,716,62,122,94,70,60,51,43,36,2
round_queries,716,186,1098,3102,6930,18660,48603,124055,313596,161194
round_k,1,4,16,49,155,476,1442,4355,13215,40298
round_shots,671,126,93,74,88,61,46,38,6
round_queries,671,882,2139,5254,18920,42273,104190,260262,384546
round_k,3,11,35,107,346,1132,3424,10513,32045
round_shots,744,162,133,105,65,52,46,38,8
round_queries,744,1134,3059,7665,14235,34372,91402,229178,446248
round_k,3,11,36,109,330,993,3015,9242,27890
round_shots,677,162,86,97,66,50,43,23,2
round_queries,677,1134,2150,7857,19338,46850,122249,196765,155266
round_k,3,12,40,146,468,1421,4277,12832,38816
round_shots,1002,136,88,70,58,50,43,35,2
round_queries,1002,1224,2904,7490,18618,48550,126635,309505,162874
round_k,4,16,53,160,485,1472,4421,13385,40718
round_shots,621,155,94,93,66,49,44,24,5
round_queries,621,1085,2162,6975,17490,41307,111980,183288,353465
round_k,3,11,37,132,421,1272,3818,11608,35346
round_shots,527,117,118,77,64,54,45,37,4
round_queries,527,819,2714,5621,15168,40014,102915,257335,255468
round_k,3,11,36,118,370,1143,3477,10571,31933
round_shots,776,176,110,82,58,54,45,36,5
round_queries,776,1232,2750,6150,13978,39042,98685,236988,300235
round_k,3,12,37,120,361,1096,3291,9874,30023
round_shots,1089,151,85,75,70,51,42,34,1
round_queries,1089,1359,2805,7875,22610,54519,138642,339082,91745
round_k,4,16,52,161,534,1650,4986,15091,45872
round_shots,897,188,79,71,61,50,44,36,5
round_queries,897,1692,2133,5893,15799,39550,104412,257148,328065
round_k,4,13,41,129,395,1186,3571,10806,32806
round_shots,1085,119,94,95,56,50,43,36,4
round_queries,1085,1071,2914,9215,16296,43650,113563,287316,292012
round_k,4,15,48,145,436,1320,3990,12122,36501
round_shots,803,125,99,80,70,55,44,24,4
round_queries,803,875,2475,6000,15890,40865,101684,167208,251748
round_k,3,12,37,113,371,1155,3483,10454,31468
round_shots,718,122,74,87,68,52,44,37,5
round_queries,718,854,1850,6525,17476,40404,102564,262293,324345
round_k,3,12,37,128,388,1165,3544,10762,32434
round_shots,904,167,80,84,63,52,45,37,6
round_queries,904,1169,2000,6300,15687,39468,103815,257113,385350
round_k,3,12,37,124,379,1153,3474,10629,32112
round_shots,963,159,80,78,60,51,41,35,3
round_queries,963,1431,2640,7722,19260,50439,124271,318745,251523
round_k,4,16,49,160,494,1515,4553,13746,41920
round_shots,273,71,126,124,97,62,52,42,35,3
round_queries,273,213,1134,4092,10185,19530,52052,128814,323435,257883
round_k,1,4,16,52,157,500,1533,4620,14017,42980
round_shots,878,150,75,81,60,50,44,35,4
round_queries,878,1350,2475,8019,17940,44850,119460,288295,298444
round_k,4,16,49,149,448,1357,4118,12357,37305
round_shots,1054,144,85,79,58,51,42,36,2
round_queries,1054,1296,2805,7979,18850,49725,125370,324468,163850
round_k,4,16,50,162,487,1492,4506,13630,40962
round_shots,993,181,93,74,67,52,45,37,6
round_queries,993,1267,2325,5550,16013,37388,97875,246901,369450
round_k,3,12,37,119,359,1087,3336,10085,30787
round_shots,595,146,77,74,61,56,45,36,7
round_queries,595,1022,1925,5550,13969,39368,97515,234468,415933
round_k,3,12,37,114,351,1083,3256,9809,29709
round_shots,529,160,91,80,63,54,45,37,6
round_queries,529,1120,2275,6000,15309,40662,102555,254745,382566
round_k,3,12,37,121,376,1139,3442,10441,31880
round_shots,603,141,77,89,64,52,37,38,7
round_queries,603,987,1925,6675,14784,36972,79217,244074,415891
round_k,3,12,37,115,355,1070,3211,9755,29706
round_shots,817,124,85,80,60,53,45,38,7
round_queries,817,868,2125,6000,13500,35987,92655,236170,397369
round_k,3,12,37,112,339,1029,3107,9456,28383
round_shots,556,164,124,80,70,50,45,37,5
round_queries,556,1148,2852,6000,17290,39850,107595,271025,341305
round_k,3,11,37,123,398,1195,3662,11211,34130
round_shots,674,127,74,70,61,52,46,37,5
round_queries,674,889,1850,5250,13969,36244,96186,233359,285015
round_k,3,12,37,114,348,1045,3153,9473,28501
round_shots,829,100,118,103,60,57,45,37,5
round_queries,829,700,2714,7519,13500,38589,95265,238169,294315
round_k,3,11,36,112,338,1058,3218,9669,29431
round_shots,535,131,126,99,75,63,61,41,4
round_queries,535,917,3150,8019,18525,46809,148657,300571,296572
round_k,3,12,40,123,371,1218,3665,11871,37071
round_shots,670,122,138,68,68,53,44,36,4
round_queries,670,854,3450,5508,16660,41923,106260,263268,268036
round_k,3,12,40,122,395,1207,3656,11050,33504
round_shots,897,133,116,114,64,31,43,23,3
round_queries,897,1197,3596,10830,19136,27869,115971,187243,224247
round_k,4,15,47,149,449,1348,4070,12211,37374
round_shots,789,71,153,111,84,58,51,42,35,1
round_queries,789,213,1377,3663,8820,20706,55641,139230,349125,93071
round_k,1,4,16,52,178,545,1657,4987,15298,46535
round_shots,470,79,143,91,74,59,51,43,35,4
round_queries,470,237,1287,2821,6882,17523,46155,117433,287315,296372
round_k,1,4,15,46,148,452,1365,4104,12346,37046
round_shots,753,173,126,85,72,53,45,37,4
round_queries,753,1211,2898,6205,15768,38001,98685,245051,244612
round_k,3,11,36,109,358,1096,3311,10074,30576
round_shots,913,162,89,103,65,53,27,23,2
round_queries,913,1458,2759,9785,19435,50933,80595,205965,162702
round_k,4,15,47,149,480,1492,4477,13432,40675
round_shots,1076,162,124,72,67,52,44,37,4
round_queries,1076,1134,3100,5832,16549,41132,104852,264587,262932
round_k,3,12,40,123,395,1191,3575,10868,32866
round_shots,795,115,121,84,66,61,51,43,34,2
round_queries,795,345,1089,2772,6930,19337,49521,128613,310114,167002
round_k,1,4,16,52,158,485,1495,4560,13703,41750
round_shots,908,158,75,65,60,51,43,36,4
round_queries,908,1422,2475,6435,17940,45849,117175,294372,298724
round_k,4,16,49,149,449,1362,4088,12370,37340
round_shots,1106,121,115,76,58,51,43,35,3
round_queries,1106,1089,3795,7524,17574,46359,119067,291725,227931
round_k,4,16,49,151,454,1384,4167,12557,37988
round_shots,752,102,157,91,73,62,52,44,36,5
round_queries,752,306,1413,2457,6059,16182,41756,107404,265212,333125
round_k,1,4,13,41,130,401,1220,3683,11058,33312
round_shots,662,139,83,99,88,64,50,37,4
round_queries,662,973,1909,7227,20680,45120,117950,279461,280388
round_k,3,11,36,117,352,1179,3776,11541,35048
round_shots,791,160,101,96,71,53,43,34,2
round_queries,791,1120,2525,7584,20235,50297,126549,304266,161182
round_k,3,12,39,142,474,1471,4474,13423,40295
round_shots,724,178,107,68,67,54,44,36,5
round_queries,724,1246,2675,5508,16415,42174,105908,263916,330935
round_k,3,12,40,122,390,1203,3665,10996,33093
round_shots,776,150,118,77,82,50,45,36,5
round_queries,776,1050,2714,5467,18614,39550,107595,264276,334575
round_k,3,11,35,113,395,1195,3670,11057,33457
round_shots,1107,124,96,112,76,58,46,38,8
round_queries,1107,868,2208,7952,16492,38222,90942,225834,438504
round_k,3,11,35,108,329,988,2971,9072,27406
round_shots,627,154,76,82,65,54,46,37,5
round_queries,627,1078,1900,6150,16185,41850,108790,269397,332435
round_k,3,12,37,124,387,1182,3640,11077,33243
round_shots,1013,103,94,87,63,53,44,36,5
round_queries,1013,721,2162,6525,16065,42241,105820,260460,330435
round_k,3,11,37,127,398,1202,3617,10891,33043
round_shots,985,116,111,79,69,53,43,35,3
round_queries,985,1044,3441,7505,19803,50085,122507,303485,239997
round_k,4,15,47,143,472,1424,4335,13174,39999
round_shots,642,71,138,101,64,66,53,43,36,3
round_queries,642,213,1242,3333,6720,20790,50191,125775,320004,245337
round_k,1,4,16,52,157,473,1462,4444,13574,40889
round_shots,987,144,74,75,66,53,44,36,4
round_queries,987,1008,1850,5625,15246,38531,96580,239796,248492
round_k,3,12,37,115,363,1097,3330,10148,31061
round_shots,472,102,122,114,78,75,54,43,35,4
round_queries,472,306,1098,3534,7254,21375,46386,115025,282065,291228
round_k,1,4,15,46,142,429,1337,4029,12130,36403
round_shots,759,118,83,116,68,56,48,37,4
round_queries,759,826,1909,8468,15300,38136,102000,246235,247724
round_k,3,11,36,112,340,1062,3327,10125,30965
round_shots,534,161,105,93,60,53,44,36,3
round_queries,534,1127,2625,6975,15900,43195,109076,268596,205317
round_k,3,12,37,132,407,1239,3730,11302,34219
round_shots,935,167,95,76,58,53,44,36,5
round_queries,935,1169,2565,6308,15370,42135,105204,262836,332525
round_k,3,13,41,132,397,1195,3650,10988,33252
round_shots,417,62,125,92,76,60,49,43,34,1
round_queries,417,186,1125,3036,8284,21660,55321,147447,359074,97447
round_k,1,4,16,54,180,564,1714,5280,16028,48723
round_shots,889,116,109,66,74,52,43,36,5
round_queries,889,812,2725,5346,17982,42484,107543,270468,345655
round_k,3,12,40,121,408,1250,3756,11370,34565
round_shots,682,109,169,130,72,61,49,42,35,2
round_queries,682,327,1521,4290,7560,20069,49833,128310,322385,169078
round_k,1,4,16,52,164,508,1527,4605,13842,42269
round_shots,526,168,91,91,61,47,45,37,4
round_queries,526,1176,2275,7371,14823,34357,99045,247271,246076
round_k,3,12,40,121,365,1100,3341,10084,30759
round_shots,785,144,108,68,61,52,45,37,8
round_queries,785,1008,2700,5100,13725,35724,93195,231509,456776
round_k,3,12,37,112,343,1035,3128,9453,28548
round_shots,761,71,132,89,80,57,50,43,36,3
round_queries,761,213,1188,2937,7920,17271,45550,119153,302652,232863
round_k,1,4,16,49,151,455,1385,4203,12813,38810
round_shots,995,146,72,73,68,51,42,35,2
round_queries,995,1314,2376,7227,21420,48705,123018,308595,162178
round_k,4,16,49,157,477,1464,4408,13316,40544
round_shots,924,125,90,74,66,53,44,37,5
round_queries,924,875,2250,5994,17094,41181,105292,267547,330965
round_k,3,12,40,129,388,1196,3615,10984,33096
round_shots,970,116,88,93,71,55,46,37,7
round_queries,970,812,2200,6975,16259,37785,97198,237281,411831
round_k,3,12,37,114,343,1056,3206,9641,29416
round_shots,1064,116,116,70,78,61,44,37,6
round_queries,1064,812,2900,5670,19266,46421,101244,259037,388494
round_k,3,12,40,123,380,1150,3500,10768,32374
round_shots,1024,145,88,111,73,54,44,37,5
round_queries,1024,1015,2024,8103,16571,40662,102652,259851,324335
round_k,3,11,36,113,376,1166,3511,10637,32433
round_shots,562,102,120,71,61,52,46,38,8
round_queries,562,714,2760,5041,13481,34580,92046,228646,440728
round_k,3,11,35,110,332,1000,3008,9126,27545
round_shots,644,152,105,69,82,59,44,36,5
round_queries,644,1064,2415,4899,17630,44545,107756,273348,349395
round_k,3,11,35,107,377,1224,3796,11509,34939
round_shots,707,102,164,84,72,62,55,43,35,4
round_queries,707,306,1476,2604,6984,18042,49445,121475,298095,308316
round_k,1,4,15,48,145,449,1412,4258,12846,38539
round_shots,803,172,88,97,67,56,45,38,6
round_queries,803,1204,2024,7081,14807,38920,96525,247114,360978
round_k,3,11,36,110,347,1072,3251,9915,30081
round_shots,884,121,106,75,66,51,49,38,3
round_queries,884,847,2650,6075,16962,39321,114317,280858,208089
round_k,3,12,40,128,385,1166,3695,11395,34681
round_shots,898,153,86,96,59,51,44,36,4
round_queries,898,1071,2150,7776,16933,44523,117172,292140,299860
round_k,3,12,40,143,436,1331,4057,12252,37482
round_shots,603,143,99,74,72,52,45,37,4
round_queries,603,1001,2277,5402,16344,38844,102195,254523,250692
round_k,3,11,36,113,373,1135,3439,10418,31336
round_shots,1081,144,91,74,62,52,46,37,8
round_queries,1081,1008,2275,5550,13950,35204,93978,229215,451640
round_k,3,12,37,112,338,1021,3097,9335,28227
round_shots,967,108,116,96,64,52,44,36,4
round_queries,967,756,2668,7008,16832,41028,104588,259740,263844
round_k,3,11,36,131,394,1188,3607,10903,32980
round_shots,1087,152,80,86,67,53,44,36,5
round_queries,1087,1064,2000,6450,17085,43407,109868,275508,350535
round_k,3,12,37,127,409,1248,3826,11524,35053
round_shots,1002,130,95,72,59,51,42,34,2
round_queries,1002,1170,3135,7560,19765,52071,129822,316574,170262
round_k,4,16,52,167,510,1545,4655,14006,42565
round_shots,1018,105,86,94,85,54,45,38,5
round_queries,1018,735,1978,6674,18275,37422,94905,243314,297775
round_k,3,11,35,107,346,1054,3201,9800,29777
round_shots,697,51,123,126,85,70,52,52,34,2
round_queries,697,153,1107,4158,8755,21910,49972,152828,335478,179978
round_k,1,4,16,51,156,480,1469,4933,14820,44994
round_shots,615,87,166,109,64,60,53,43,36,4
round_queries,615,261,1494,3597,6336,17820,48495,119067,300348,308420
round_k,1,4,16,49,148,457,1384,4171,12811,38552
round_shots,578,135,134,86,64,58,52,43,35,3
round_queries,578,405,1206,2838,6336,17226,46332,117003,285915,221181
round_k,1,4,16,49,148,445,1360,4084,12267,36863
round_shots,655,79,146,103,67,64,51,42,36,2
round_queries,655,237,1314,3399,6633,19008,48297,119910,309348,158678
round_k,1,4,16,49,148,473,1427,4296,13077,39669
round_shots,535,125,90,95,65,52,44,35,4
round_queries,535,875,2250,7695,18525,46956,120604,291305,300796
round_k,3,12,40,142,451,1370,4161,12516,37599
round_shots,1027,160,120,95,60,64,50,44,4
round_queries,1027,1120,3000,7695,14820,47552,113150,322916,295612
round_k,3,12,40,123,371,1131,3669,11913,36951
round_shots,826,141,74,71,62,52,37,36,7
round_queries,826,987,1850,5325,14322,36348,78699,229716,407449
round_k,3,12,37,115,349,1063,3190,9662,29103
round_shots,613,104,96,73,74,55,46,38,7
round_queries,613,728,2208,5329,16502,36905,95910,237842,404019
round_k,3,11,36,111,335,1042,3129,9536,28858
round_shots,936,156,79,72,64,51,42,34,2
round_queries,936,1404,2607,7416,21056,54315,136458,332554,177810
round_k,4,16,51,164,532,1624,4890,14797,44452
round_shots,1078,152,86,81,58,52,44,37,4
round_queries,1078,1064,2150,6561,14442,38844,100188,252821,249980
round_k,3,12,40,124,373,1138,3416,10412,31247
round_shots,675,62,137,84,82,65,51,41,27
round_queries,675,186,1233,2772,8610,22685,57783,144197,871317
round_k,1,4,16,52,174,566,1758,5348,16135
round_shots,744,116,94,93,63,55,46,38,6
round_queries,744,812,2350,6975,14553,39875,101614,258742,377274
round_k,3,12,37,115,362,1104,3404,10469,31439
round_shots,605,62,130,95,70,60,52,43,31,3
round_queries,605,186,1170,3135,7350,19020,51116,130849,284921,250185
round_k,1,4,16,52,158,491,1521,4595,13847,41697
round_shots,771,165,110,105,63,54,44,36,5
round_queries,771,1155,2530,7245,15939,40986,103444,256140,322425
round_k,3,11,34,126,379,1175,3557,10708,32242
round_shots,701,125,114,71,64,55,44,37,6
round_queries,701,875,2850,5325,14912,39325,96316,245199,368178
round_k,3,12,37,116,357,1094,3313,10058,30681
round_shots,915,122,80,75,68,52,46,37,4
round_queries,915,854,2000,5625,15980,38532,102350,250897,251092
round_k,3,12,37,117,370,1112,3390,10311,31386
round_shots,865,71,152,77,88,61,52,42,35,2
round_queries,865,213,1368,2541,8712,18483,48412,119406,299495,154206
round_k,1,4,16,49,151,465,1421,4278,12850,38551
round_shots,838,94,157,106,74,62,53,43,35,3
round_queries,838,282,1413,3498,7326,18414,49449,123023,305655,241071
round_k,1,4,16,49,148,466,1430,4366,13210,40178
round_shots,611,94,128,85,78,57,51,42,34,1
round_queries,611,282,1152,2805,8346,20235,54621,138558,340578,92157
round_k,1,4,16,53,177,535,1649,5008,15185,46078
round_shots,1108,121,92,68,67,51,43,35,3
round_queries,1108,1089,3036,6732,20167,49929,128441,318535,250305
round_k,4,16,49,150,489,1493,4550,13747,41717
round_shots,1020,133,123,70,78,56,40,35,2
round_queries,1020,1197,4059,7210,24258,52584,113560,300055,156862
round_k,4,16,51,155,469,1419,4286,12930,39215
round_shots,654,154,82,84,65,52,45,36,5
round_queries,654,1078,2050,6468,16575,41028,108945,266076,337705
round_k,3,12,38,127,394,1210,3695,11219,33770
round_shots,736,125,119,70,74,54,43,36,3
round_queries,736,875,2975,5670,18278,44550,110553,280332,213537
round_k,3,12,40,123,412,1285,3893,11840,35589
round_shots,600,122,107,82,68,53,44,37,6
round_queries,600,854,2675,6150,15300,38213,96404,245273,368082
round_k,3,12,37,112,360,1095,3314,10047,30673
round_shots,889,122,88,87,61,59,44,38,7
round_queries,889,854,2024,6351,13359,39117,93236,243542,421477
round_k,3,11,36,109,331,1059,3204,9849,30105
round_shots,827,94,138,74,64,63,51,44,35,2
round_queries,827,282,1242,2442,6336,18711,47073,122100,298795,155862
round_k,1,4,16,49,148,461,1387,4268,12870,38965
round_shots,1013,130,104,83,66,54,44,38,7
round_queries,1013,910,2600,6225,14850,38394,93852,243770,407043
round_k,3,12,37,112,355,1066,3207,9665,29074
round_shots,651,137,136,71,74,52,44,37,6
round_queries,651,959,3128,5183,16206,38324,98340,249047,372342
round_k,3,11,36,109,368,1117,3365,10163,31028
round_shots,715,119,103,77,71,52,44,36,4
round_queries,715,833,2575,6237,18531,45188,114708,284796,292652
round_k,3,12,40,130,434,1303,3955,11993,36581
round_shots,606,116,90,91,66,52,45,37,6
round_queries,606,812,2250,6825,15246,37804,98235,245939,368070
round_k,3,12,37,115,363,1091,3323,10066,30672
round_shots,659,121,88,80,67,53,44,37,5
round_queries,659,847,2200,6000,16549,41181,104676,265105,328275
round_k,3,12,37,123,388,1189,3582,10875,32827
round_shots,753,178,85,77,67,54,44,36,6
round_queries,753,1246,2125,5775,15879,40662,102740,252612,381738
round_k,3,12,37,118,376,1167,3508,10585,31811
round_shots,603,100,94,79,84,50,45,37,6
round_queries,603,700,2162,5609,18228,38750,104625,261701,385362
round_k,3,11,35,108,387,1162,3536,10655,32113
round_shots,532,104,92,74,59,67,52,36,7
round_queries,532,728,2116,5254,12685,43483,101868,228996,404593
round_k,3,11,35,107,324,979,3180,9541,28899
round_shots,828,87,142,75,79,58,49,43,35,4
round_queries,828,261,1278,2475,7821,17458,44443,117089,287875,301892
round_k,1,4,16,49,150,453,1361,4112,12361,37736
round_shots,1030,136,87,75,64,50,45,37,6
round_queries,1030,952,2175,5625,14784,36350,98145,246235,369306
round_k,3,12,37,115,363,1090,3327,10043,30775
round_shots,987,121,88,103,74,55,45,36,4
round_queries,987,847,2024,7519,16206,40535,103095,251028,251572
round_k,3,11,36,109,368,1145,3486,10478,31446
round_shots,622,71,170,85,74,64,51,41,35,2
round_queries,622,213,1530,2805,7326,20160,50235,123451,316785,166318
round_k,1,4,16,49,157,492,1505,4525,13689,41579
round_shots,584,165,122,69,70,54,44,36,6
round_queries,584,1155,3050,5175,16030,40554,99572,246132,373650
round_k,3,12,37,114,375,1131,3418,10261,31137
round_shots,573,62,138,88,82,65,53,43,35,2
round_queries,573,186,1242,2904,8118,19695,50615,125947,311395,163506
round_k,1,4,16,49,151,477,1464,4448,13422,40876
round_shots,980,138,91,80,65,50,41,35,2
round_queries,980,1242,3003,7920,21385,52150,128699,331065,172046
round_k,4,16,49,164,521,1569,4729,14260,43011
round_shots,817,119,114,69,78,50,45,36,4
round_queries,817,833,2850,5589,19422,43050,116775,287820,293620
round_k,3,12,40,124,430,1297,3997,12199,36702
round_shots,586,178,110,86,75,50,45,38,5
round_queries,586,1246,2750,6966,18525,37650,101655,262694,327175
round_k,3,12,40,123,376,1129,3456,10688,32717
round_shots,912,139,124,69,65,53,44,37,8
round_queries,912,973,2852,4899,14235,36093,91124,229881,454520
round_k,3,11,35,109,340,1035,3106,9352,28407
round_shots,526,161,129,73,66,54,45,36,6
round_queries,526,1127,3225,5475,15246,39582,100665,246636,371934
round_k,3,12,37,115,366,1118,3425,10305,30994
round_shots,945,142,106,73,60,51,44,34,2
round_queries,945,1278,3498,7227,18780,48501,125620,294134,158650
round_k,4,16,49,156,475,1427,4325,13075,39662
round_shots,556,51,157,77,80,66,50,43,35,2
round_queries,556,153,1413,2541,7920,19734,47950,125603,309155,161214
round_k,1,4,16,49,149,479,1460,4416,13271,40303
round_shots,808,122,77,71,66,50,46,37,6
round_queries,808,854,1925,5325,15246,36350,100326,246013,367038
round_k,3,12,37,115,363,1090,3324,10090,30586
round_shots,1115,146,98,69,36,54,43,37,6
round_queries,1115,1022,2450,5589,8892,40014,99029,256151,384222
round_k,3,12,40,123,370,1151,3461,10463,32018
round_shots,947,152,94,69,64,56,46,38,4
round_queries,947,1064,2350,5175,14400,39256,101154,255170,246708
round_k,3,12,37,112,350,1099,3357,10279,30838
round_shots,814,168,120,67,75,56,51,37,4
round_queries,814,1176,3000,5427,18525,41944,114801,268805,268012
round_k,3,12,40,123,374,1125,3632,11053,33501
round_shots,706,143,103,90,61,53,45,36,4
round_queries,706,1001,2369,6570,15433,41075,107595,264060,266532
round_k,3,11,36,126,387,1195,3667,11009,33316
round_shots,886,174,110,69,62,57,45,37,6
round_queries,886,1218,2530,5037,13950,39501,98775,245939,367446
round_k,3,11,36,112,346,1097,3323,10054,30620
round_shots,514,62,149,72,78,61,51,42,35,2
round_queries,514,186,1341,2376,7722,19825,49725,124530,312375,165334
round_k,1,4,16,49,162,487,1482,4462,13558,41333
round_shots,802,94,128,86,104,60,52,43,34,2
round_queries,802,282,1152,2838,10712,18540,49556,127237,308074,165834
round_k,1,4,16,51,154,476,1479,4530,13600,41458
round_shots,978,149,77,79,60,55,45,38,5
round_queries,978,1043,1925,5925,13860,38445,96885,248634,302385
round_k,3,12,37,115,349,1076,3271,10047,30238
round_shots,1067,147,96,77,65,55,46,38,9
round_queries,1067,1029,2208,5621,14235,36245,90942,227430,487107
round_k,3,11,36,109,329,988,2992,9014,27061
round_shots,1113,104,128,81,83,70,50,38,8
round_queries,1113,728,2944,5751,17845,45150,97350,234802,454456
round_k,3,11,35,107,322,973,3089,9467,28403
round_shots,301,79,174,111,66,54,49,43,35,2
round_queries,301,237,1566,3663,6930,17226,47677,126291,309015,161654
round_k,1,4,16,52,159,486,1468,4414,13282,40413
round_shots,655,122,127,80,72,80,52,43,36,4
round_queries,655,366,1143,2480,6840,22800,44668,112875,286308,290564
round_k,1,4,15,47,142,429,1312,3976,12074,36320
round_shots,897,168,91,90,63,51,43,34,3
round_queries,897,1512,3003,8910,19089,48807,123711,294474,236889
round_k,4,16,49,151,478,1438,4330,13024,39481
round_shots,832,133,97,71,67,53,46,37,4
round_queries,832,931,2425,5325,15611,39061,103086,252821,248356
round_k,3,12,37,116,368,1120,3416,10315,31044
round_shots,523,127,126,92,70,56,44,36,3
round_queries,523,889,3150,7452,17010,44184,109428,270036,207177
round_k,3,12,40,121,394,1243,3750,11368,34529
round_shots,927,127,88,87,60,52,45,37,7
round_queries,927,889,2200,6525,13860,36140,93825,232027,400197
round_k,3,12,37,115,347,1042,3135,9449,28585
round_shots,698,146,111,72,64,55,44,37,6
round_queries,698,1022,2775,5832,15552,41635,100188,255781,380502
round_k,3,12,40,121,378,1138,3456,10387,31708
round_shots,657,126,88,77,60,52,44,36,6
round_queries,657,882,2200,6237,14580,38532,98780,243180,373230
round_k,3,12,40,121,370,1122,3377,10149,31102
round_shots,728,71,149,101,75,58,51,42,36,2
round_queries,728,213,1341,3333,7575,18270,48399,120330,310572,160842
round_k,1,4,16,50,157,474,1432,4313,13234,40210
round_shots,493,135,138,122,89,59,50,42,35,2
round_queries,493,405,1242,3782,8455,19647,50450,129402,325885,170926
round_k,1,4,15,47,166,504,1540,4655,14179,42731
round_shots,1038,120,82,76,64,52,45,36,6
round_queries,1038,840,2050,5700,15424,39260,102645,250236,378042
round_k,3,12,37,120,377,1140,3475,10448,31503
round_shots,912,108,91,73,61,56,47,39,6
round_queries,912,756,2093,5037,12749,35336,90663,228033,322842
round_k,3,11,34,104,315,964,2923,8911,26903
round_shots,713,62,142,91,73,60,40,43,23,2
round_queries,713,186,1278,3003,7665,19980,41160,132741,215625,172634
round_k,1,4,16,52,166,514,1543,4687,14212,43158
round_shots,950,108,88,69,62,55,45,38,6
round_queries,950,756,2024,4899,13206,35475,90135,230546,334326
round_k,3,11,35,106,322,1001,3033,9227,27860
round_shots,785,87,157,129,93,65,51,42,26
round_queries,785,261,1413,4257,9207,23205,58905,148890,854802
round_k,1,4,16,49,178,577,1772,5419,16438
round_shots,1018,121,80,70,72,54,43,37,6
round_queries,1018,847,2000,5250,16488,40986,100233,259037,387030
round_k,3,12,37,114,379,1165,3500,10680,32252
round_shots,897,138,83,82,64,52,43,35,3
round_queries,897,1242,2573,7790,20160,49140,124829,311465,241281
round_k,4,15,47,157,472,1451,4449,13404,40213
round_shots,794,150,88,66,63,52,45,37,8
round_queries,794,1050,2024,4818,13797,35100,91305,229141,449864
round_k,3,11,36,109,337,1014,3096,9296,28116
round_shots,898,119,80,71,64,53,44,38,6
round_queries,898,833,2000,5325,14784,38107,95436,247646,367566
round_k,3,12,37,115,359,1084,3258,9993,30630
round_shots,930,157,95,92,65,53,45,37,4
round_queries,930,1099,2375,7452,15795,40545,103545,257927,255868
round_k,3,12,40,121,382,1150,3485,10585,31983
round_shots,834,122,102,70,64,53,45,37,7
round_queries,834,854,2550,5250,14528,37365,96165,238169,409703
round_k,3,12,37,113,352,1068,3218,9720,29264
round_shots,996,173,126,83,67,53,44,35,3
round_queries,996,1211,3150,6723,18291,46269,118140,285985,221445
round_k,3,12,40,136,436,1342,4085,12262,36907
round_shots,630,138,133,93,74,55,43,36,6
round_queries,630,966,3325,7347,17982,40205,97137,244116,370974
round_k,3,12,39,121,365,1129,3390,10171,30914
round_shots,580,132,94,71,67,57,45,37,7
round_queries,580,924,2162,4899,14271,38703,96075,239057,413553
round_k,3,11,34,106,339,1067,3230,9744,29539
round_shots,803,149,139,85,60,52,44,37,6
round_queries,803,1043,3197,6375,14700,38324,97284,247567,373794
round_k,3,11,37,122,368,1105,3345,10196,31149
round_shots,532,116,74,89,64,52,43,37,3
round_queries,532,812,1850,6675,16576,42068,105651,272949,207243
round_k,3,12,37,129,404,1228,3688,11323,34540
